(kicad_pcb (version 20171130) (host pcbnew "(5.1.2-1)-1")

  (general
    (thickness 1.6)
    (drawings 30)
    (tracks 330)
    (zones 0)
    (modules 32)
    (nets 45)
  )

  (page A)
  (title_block
    (title "Core 64 (Cores)")
    (date 2020-03-16)
    (rev 0.3)
    (company "Andy Geppert")
  )

  (layers
    (0 F.Cu signal)
    (31 B.Cu signal)
    (32 B.Adhes user hide)
    (33 F.Adhes user hide)
    (34 B.Paste user hide)
    (35 F.Paste user hide)
    (36 B.SilkS user)
    (37 F.SilkS user)
    (38 B.Mask user)
    (39 F.Mask user)
    (40 Dwgs.User user hide)
    (41 Cmts.User user)
    (42 Eco1.User user hide)
    (43 Eco2.User user hide)
    (44 Edge.Cuts user)
    (45 Margin user hide)
    (46 B.CrtYd user)
    (47 F.CrtYd user)
    (48 B.Fab user hide)
    (49 F.Fab user hide)
  )

  (setup
    (last_trace_width 0.254)
    (trace_clearance 0.127)
    (zone_clearance 0.508)
    (zone_45_only no)
    (trace_min 0.2)
    (via_size 0.635)
    (via_drill 0.4)
    (via_min_size 0.4)
    (via_min_drill 0.3)
    (uvia_size 0.3)
    (uvia_drill 0.1)
    (uvias_allowed no)
    (uvia_min_size 0.2)
    (uvia_min_drill 0.1)
    (edge_width 0.05)
    (segment_width 0.2)
    (pcb_text_width 0.3)
    (pcb_text_size 1.5 1.5)
    (mod_edge_width 0.12)
    (mod_text_size 1 1)
    (mod_text_width 0.15)
    (pad_size 1.524 1.524)
    (pad_drill 0.762)
    (pad_to_mask_clearance 0.051)
    (solder_mask_min_width 0.25)
    (aux_axis_origin 0 0)
    (grid_origin 94.615 196.85)
    (visible_elements FFFFEFFF)
    (pcbplotparams
      (layerselection 0x010f0_ffffffff)
      (usegerberextensions false)
      (usegerberattributes false)
      (usegerberadvancedattributes false)
      (creategerberjobfile false)
      (excludeedgelayer true)
      (linewidth 0.100000)
      (plotframeref false)
      (viasonmask false)
      (mode 1)
      (useauxorigin false)
      (hpglpennumber 1)
      (hpglpenspeed 20)
      (hpglpendiameter 15.000000)
      (psnegative false)
      (psa4output false)
      (plotreference true)
      (plotvalue true)
      (plotinvisibletext false)
      (padsonsilk false)
      (subtractmaskfromsilk false)
      (outputformat 1)
      (mirror false)
      (drillshape 0)
      (scaleselection 1)
      (outputdirectory "Core64_V0.1_Gerbers(2019-08-09)/"))
  )

  (net 0 "")
  (net 1 XB7)
  (net 2 XB4)
  (net 3 XB6)
  (net 4 XB5)
  (net 5 XB0)
  (net 6 XB1)
  (net 7 XB2)
  (net 8 XB3)
  (net 9 XT3-7)
  (net 10 XT2-6)
  (net 11 XT1-5)
  (net 12 XT0-4)
  (net 13 YL5)
  (net 14 YL4)
  (net 15 YL3)
  (net 16 YL2)
  (net 17 YL1)
  (net 18 YL0)
  (net 19 SENSE1)
  (net 20 SENSE2)
  (net 21 GNDD)
  (net 22 "Net-(CM1-Pad10)")
  (net 23 "Net-(CM1-Pad13)")
  (net 24 "Net-(CM1-Pad12)")
  (net 25 "Net-(CM1-Pad11)")
  (net 26 LED_MATRIX)
  (net 27 +VSW)
  (net 28 "Net-(J2-Pad16)")
  (net 29 HALL_SWITCH_1)
  (net 30 HALL_SWITCH_2)
  (net 31 HALL_SWITCH_3)
  (net 32 HALL_SWITCH_4)
  (net 33 3V3_800mA)
  (net 34 GND)
  (net 35 I2C_DATA)
  (net 36 I2C_CLOCK)
  (net 37 "Net-(C2-Pad1)")
  (net 38 "Net-(C5-Pad1)")
  (net 39 "Net-(C8-Pad1)")
  (net 40 "Net-(C11-Pad1)")
  (net 41 "Net-(JP1-Pad3)")
  (net 42 "Net-(JP2-Pad3)")
  (net 43 "Net-(JP3-Pad3)")
  (net 44 "Net-(JP4-Pad3)")

  (net_class Default "This is the default net class."
    (clearance 0.127)
    (trace_width 0.254)
    (via_dia 0.635)
    (via_drill 0.4)
    (uvia_dia 0.3)
    (uvia_drill 0.1)
    (add_net 3V3_800mA)
    (add_net GND)
    (add_net HALL_SWITCH_1)
    (add_net HALL_SWITCH_2)
    (add_net HALL_SWITCH_3)
    (add_net HALL_SWITCH_4)
    (add_net I2C_CLOCK)
    (add_net I2C_DATA)
    (add_net "Net-(C11-Pad1)")
    (add_net "Net-(C2-Pad1)")
    (add_net "Net-(C5-Pad1)")
    (add_net "Net-(C8-Pad1)")
    (add_net "Net-(JP1-Pad3)")
    (add_net "Net-(JP2-Pad3)")
    (add_net "Net-(JP3-Pad3)")
    (add_net "Net-(JP4-Pad3)")
  )

  (net_class "Core Current" ""
    (clearance 0.127)
    (trace_width 0.635)
    (via_dia 0.635)
    (via_drill 0.4)
    (uvia_dia 0.3)
    (uvia_drill 0.1)
    (add_net +VSW)
    (add_net GNDD)
    (add_net LED_MATRIX)
    (add_net "Net-(CM1-Pad10)")
    (add_net "Net-(CM1-Pad11)")
    (add_net "Net-(CM1-Pad12)")
    (add_net "Net-(CM1-Pad13)")
    (add_net "Net-(J2-Pad16)")
    (add_net SENSE1)
    (add_net SENSE2)
    (add_net XB0)
    (add_net XB1)
    (add_net XB2)
    (add_net XB3)
    (add_net XB4)
    (add_net XB5)
    (add_net XB6)
    (add_net XB7)
    (add_net XT0-4)
    (add_net XT1-5)
    (add_net XT2-6)
    (add_net XT3-7)
    (add_net YL0)
    (add_net YL1)
    (add_net YL2)
    (add_net YL3)
    (add_net YL4)
    (add_net YL5)
  )

  (net_class "Core Current 20mil" ""
    (clearance 0.127)
    (trace_width 0.508)
    (via_dia 0.635)
    (via_drill 0.4)
    (uvia_dia 0.3)
    (uvia_drill 0.1)
  )

  (module Core_Memory_8x8_Array:LED_Matrix_Header_3pin_0.9_holes (layer F.Cu) (tedit 5E8A5CA4) (tstamp 5E8AFC05)
    (at 19.75 30.5 180)
    (tags "pin header 3-pin")
    (path /5E9687EF)
    (fp_text reference J3 (at 2.5 -3.4 180) (layer F.SilkS)
      (effects (font (size 1 1) (thickness 0.15)))
    )
    (fp_text value Conn_01x03_Female (at 2.625 -1.95 180) (layer F.SilkS)
      (effects (font (size 1 1) (thickness 0.15)))
    )
    (fp_line (start 6.85 -3.05) (end 6.85 3.8) (layer F.CrtYd) (width 0.05))
    (fp_line (start 6.85 -3.05) (end -1.75 -3.05) (layer F.CrtYd) (width 0.05))
    (fp_line (start -1.75 3.8) (end 6.85 3.8) (layer F.CrtYd) (width 0.05))
    (fp_line (start -1.75 3.8) (end -1.75 -3.05) (layer F.CrtYd) (width 0.05))
    (fp_line (start 6.35 3.3) (end -1.25 3.3) (layer F.Fab) (width 0.1))
    (fp_line (start 6.35 -2.55) (end 6.35 3.3) (layer F.Fab) (width 0.1))
    (fp_line (start -1.25 -2.55) (end 6.35 -2.55) (layer F.Fab) (width 0.1))
    (fp_line (start -1.25 3.3) (end -1.25 -2.55) (layer F.Fab) (width 0.1))
    (fp_line (start 0 2.3) (end 0 3.3) (layer F.Fab) (width 0.1))
    (fp_line (start 5.05 2.3) (end 0 2.3) (layer F.Fab) (width 0.1))
    (fp_line (start 5.05 3.3) (end 5.05 2.3) (layer F.Fab) (width 0.1))
    (fp_text user %R (at 2.45 1.8 180) (layer F.Fab)
      (effects (font (size 1 1) (thickness 0.15)))
    )
    (pad 3 thru_hole oval (at 5.08 0) (size 2.03 1.73) (drill 1.02) (layers *.Cu *.Mask)
      (net 27 +VSW))
    (pad 2 thru_hole circle (at 2.54 0 270) (size 1.5 1.5) (drill 0.9) (layers *.Cu *.Mask)
      (net 26 LED_MATRIX))
    (pad 1 thru_hole rect (at 0 0) (size 2.03 1.73) (drill 1.02) (layers *.Cu *.Mask)
      (net 34 GND))
    (model ${KISYS3DMOD}/Connector.3dshapes/FanPinHeader_1x03_P2.54mm_Vertical.wrl
      (at (xyz 0 0 0))
      (scale (xyz 1 1 1))
      (rotate (xyz 0 0 0))
    )
  )

  (module Core_Memory_8x8_Array:core_64_x6.7_y6.5mm_v0.3_front_facing (layer F.Cu) (tedit 5E73E26C) (tstamp 5E743D53)
    (at 0 0)
    (descr "Core Memory 8x8 Array by Andy Geppert")
    (tags "Core Memory 8x8 Array")
    (path /5E79BDE1)
    (fp_text reference CM1 (at 29.718 -29.718) (layer F.SilkS)
      (effects (font (size 1 1) (thickness 0.15)))
    )
    (fp_text value Core_Memory_8x8_Array_Front_Facing (at -0.25 32.75) (layer F.Fab)
      (effects (font (size 1 1) (thickness 0.15)))
    )
    (fp_arc (start 25.15 24.25) (end 25.15 26.75) (angle -90) (layer Dwgs.User) (width 0.12))
    (fp_arc (start 25.15 -24.25) (end 25.15 -26.75) (angle 90) (layer Dwgs.User) (width 0.12))
    (fp_arc (start -25.15 24.25) (end -25.15 26.75) (angle 90) (layer Dwgs.User) (width 0.12))
    (fp_arc (start -25.15 -24.25) (end -25.15 -26.75) (angle -90) (layer Dwgs.User) (width 0.12))
    (fp_line (start -23.45 0) (end 23.45 0) (layer Dwgs.User) (width 0.12))
    (fp_line (start 0 22.75) (end 0 -22.75) (layer Dwgs.User) (width 0.12))
    (fp_text user YL7 (at -32.504 22.75) (layer F.SilkS)
      (effects (font (size 1 1) (thickness 0.15)))
    )
    (fp_text user YL6 (at -32.504 16.25) (layer F.SilkS)
      (effects (font (size 1 1) (thickness 0.15)))
    )
    (fp_text user YL0 (at -29.635 -24.4) (layer F.SilkS)
      (effects (font (size 1 1) (thickness 0.15)))
    )
    (fp_text user YL4 (at -32.504 3.25) (layer F.SilkS)
      (effects (font (size 1 1) (thickness 0.15)))
    )
    (fp_text user YL2 (at -32.504 -9.75) (layer F.SilkS)
      (effects (font (size 1 1) (thickness 0.15)))
    )
    (fp_text user YL1 (at -29.635 -17.9) (layer F.SilkS)
      (effects (font (size 1 1) (thickness 0.15)))
    )
    (fp_text user YL3 (at -32.504 -3.302) (layer F.SilkS)
      (effects (font (size 1 1) (thickness 0.15)))
    )
    (fp_text user YL5 (at -32.504 9.75) (layer F.SilkS)
      (effects (font (size 1 1) (thickness 0.15)))
    )
    (fp_text user XB0 (at -23.5 31) (layer F.SilkS)
      (effects (font (size 1 1) (thickness 0.15)))
    )
    (fp_text user XB6 (at 16.75 31) (layer F.SilkS)
      (effects (font (size 1 1) (thickness 0.15)))
    )
    (fp_text user XB5 (at 10 31) (layer F.SilkS)
      (effects (font (size 1 1) (thickness 0.15)))
    )
    (fp_text user XB7 (at 23.25 31) (layer F.SilkS)
      (effects (font (size 1 1) (thickness 0.15)))
    )
    (fp_text user XB3 (at -3.25 31) (layer F.SilkS)
      (effects (font (size 1 1) (thickness 0.15)))
    )
    (fp_text user XB4 (at 3.5 31) (layer F.SilkS)
      (effects (font (size 1 1) (thickness 0.15)))
    )
    (fp_text user XB1 (at -16.75 31) (layer F.SilkS)
      (effects (font (size 1 1) (thickness 0.15)))
    )
    (fp_text user XB2 (at -10 31) (layer F.SilkS)
      (effects (font (size 1 1) (thickness 0.15)))
    )
    (fp_text user XT0 (at -21.185 -27.5) (layer F.SilkS)
      (effects (font (size 1 1) (thickness 0.15)))
    )
    (fp_text user XT1 (at -14.735 -27.45) (layer F.SilkS)
      (effects (font (size 1 1) (thickness 0.15)))
    )
    (fp_text user XT2 (at -7.985 -27.5) (layer F.SilkS)
      (effects (font (size 1 1) (thickness 0.15)))
    )
    (fp_text user XT3 (at -3.5 -30.75) (layer F.SilkS)
      (effects (font (size 1 1) (thickness 0.15)))
    )
    (fp_text user XT4 (at 3.25 -30.75) (layer F.SilkS)
      (effects (font (size 1 1) (thickness 0.15)))
    )
    (fp_text user XT5 (at 10 -30.75) (layer F.SilkS)
      (effects (font (size 1 1) (thickness 0.15)))
    )
    (fp_text user XT6 (at 16.75 -30.75) (layer F.SilkS)
      (effects (font (size 1 1) (thickness 0.15)))
    )
    (fp_text user XT7 (at 23.5 -30.75) (layer F.SilkS)
      (effects (font (size 1 1) (thickness 0.15)))
    )
    (fp_text user YR0 (at 32.5 -22.75) (layer F.SilkS)
      (effects (font (size 1 1) (thickness 0.15)))
    )
    (fp_text user YR1 (at 32.5 -16.25) (layer F.SilkS)
      (effects (font (size 1 1) (thickness 0.15)))
    )
    (fp_text user YR2 (at 32.5 -9.75) (layer F.SilkS)
      (effects (font (size 1 1) (thickness 0.15)))
    )
    (fp_text user YR3 (at 32.5 -3.25) (layer F.SilkS)
      (effects (font (size 1 1) (thickness 0.15)))
    )
    (fp_text user YR4 (at 32.5 3.25) (layer F.SilkS)
      (effects (font (size 1 1) (thickness 0.15)))
    )
    (fp_text user YR5 (at 32.5 9.75) (layer F.SilkS)
      (effects (font (size 1 1) (thickness 0.15)))
    )
    (fp_text user S2 (at -32 28.75) (layer F.SilkS)
      (effects (font (size 1 1) (thickness 0.15)))
    )
    (fp_text user S1 (at -32 13) (layer F.SilkS)
      (effects (font (size 1 1) (thickness 0.15)))
    )
    (fp_text user YR6 (at 32.5 16.25) (layer F.SilkS)
      (effects (font (size 1 1) (thickness 0.15)))
    )
    (fp_text user YR7 (at 32.5 22.75) (layer F.SilkS)
      (effects (font (size 1 1) (thickness 0.15)))
    )
    (fp_circle (center -24.65 29.1) (end -23.25 29.1) (layer Dwgs.User) (width 0.12))
    (fp_circle (center 24.35 29.1) (end 25.75 29.1) (layer Dwgs.User) (width 0.12))
    (fp_circle (center -24.65 -28.9) (end -23.25 -28.9) (layer Dwgs.User) (width 0.12))
    (fp_circle (center 24.35 -28.9) (end 25.75 -28.9) (layer Dwgs.User) (width 0.12))
    (fp_circle (center 23.45 22.75) (end 25.45 22.75) (layer Dwgs.User) (width 0.12))
    (fp_line (start -27.65 24.25) (end -27.65 -24.25) (layer Dwgs.User) (width 0.12))
    (fp_line (start 25.15 26.75) (end -25.15 26.75) (layer Dwgs.User) (width 0.12))
    (fp_line (start 27.65 -24.25) (end 27.65 24.25) (layer Dwgs.User) (width 0.12))
    (fp_line (start -25.15 -26.75) (end 25.15 -26.75) (layer Dwgs.User) (width 0.12))
    (fp_line (start -23.45 22.75) (end -23.45 -22.75) (layer Dwgs.User) (width 0.12))
    (fp_line (start 23.45 22.75) (end -23.45 22.75) (layer Dwgs.User) (width 0.12))
    (fp_line (start 23.45 -22.75) (end 23.45 22.75) (layer Dwgs.User) (width 0.12))
    (fp_line (start -23.45 -22.75) (end 23.45 -22.75) (layer Dwgs.User) (width 0.12))
    (fp_circle (center -23.45 22.75) (end -21.45 22.75) (layer Dwgs.User) (width 0.12))
    (fp_circle (center -23.45 16.25) (end -21.45 16.25) (layer Dwgs.User) (width 0.12))
    (fp_circle (center -23.45 9.75) (end -21.45 9.75) (layer Dwgs.User) (width 0.12))
    (fp_circle (center -23.45 3.25) (end -21.45 3.25) (layer Dwgs.User) (width 0.12))
    (fp_circle (center -23.45 -3.25) (end -21.45 -3.25) (layer Dwgs.User) (width 0.12))
    (fp_circle (center -23.45 -9.75) (end -21.45 -9.75) (layer Dwgs.User) (width 0.12))
    (fp_circle (center -23.45 -16.25) (end -21.45 -16.25) (layer Dwgs.User) (width 0.12))
    (fp_circle (center -16.75 -22.75) (end -14.75 -22.75) (layer Dwgs.User) (width 0.12))
    (fp_circle (center -10.05 -22.75) (end -8.05 -22.75) (layer Dwgs.User) (width 0.12))
    (fp_circle (center -3.35 -22.75) (end -1.35 -22.75) (layer Dwgs.User) (width 0.12))
    (fp_circle (center 3.35 -22.75) (end 5.35 -22.75) (layer Dwgs.User) (width 0.12))
    (fp_circle (center 10.05 -22.75) (end 12.05 -22.75) (layer Dwgs.User) (width 0.12))
    (fp_circle (center 16.75 -22.75) (end 18.75 -22.75) (layer Dwgs.User) (width 0.12))
    (fp_circle (center 23.45 -22.75) (end 25.45 -22.75) (layer Dwgs.User) (width 0.12))
    (fp_circle (center -23.45 -22.75) (end -21.45 -22.75) (layer Dwgs.User) (width 0.12))
    (pad 34 thru_hole circle (at -29.65 28.75) (size 1.524 1.524) (drill 0.762) (layers *.Cu *.Mask)
      (net 20 SENSE2))
    (pad 33 thru_hole circle (at -29.65 13) (size 1.524 1.524) (drill 0.762) (layers *.Cu *.Mask)
      (net 19 SENSE1))
    (pad 10 thru_hole circle (at 29.65 -16.25 180) (size 1.5 1.5) (drill 0.7) (layers *.Cu *.Mask)
      (net 22 "Net-(CM1-Pad10)"))
    (pad 11 thru_hole circle (at 29.65 -9.75 180) (size 1.5 1.5) (drill 0.7) (layers *.Cu *.Mask)
      (net 25 "Net-(CM1-Pad11)"))
    (pad 12 thru_hole circle (at 29.65 -3.25 180) (size 1.5 1.5) (drill 0.7) (layers *.Cu *.Mask)
      (net 24 "Net-(CM1-Pad12)"))
    (pad 13 thru_hole circle (at 29.65 3.25 180) (size 1.5 1.5) (drill 0.7) (layers *.Cu *.Mask)
      (net 23 "Net-(CM1-Pad13)"))
    (pad 14 thru_hole circle (at 29.65 9.75 180) (size 1.5 1.5) (drill 0.7) (layers *.Cu *.Mask)
      (net 22 "Net-(CM1-Pad10)"))
    (pad 15 thru_hole circle (at 29.65 16.25 180) (size 1.5 1.5) (drill 0.7) (layers *.Cu *.Mask)
      (net 25 "Net-(CM1-Pad11)"))
    (pad 16 thru_hole circle (at 29.65 22.75 180) (size 1.5 1.5) (drill 0.7) (layers *.Cu *.Mask)
      (net 24 "Net-(CM1-Pad12)"))
    (pad 17 thru_hole circle (at 23.45 28.75 180) (size 1.5 1.5) (drill 0.7) (layers *.Cu *.Mask)
      (net 1 XB7))
    (pad 18 thru_hole circle (at 16.75 28.75 180) (size 1.5 1.5) (drill 0.7) (layers *.Cu *.Mask)
      (net 3 XB6))
    (pad 19 thru_hole circle (at 10.05 28.75 180) (size 1.5 1.5) (drill 0.7) (layers *.Cu *.Mask)
      (net 4 XB5))
    (pad 20 thru_hole circle (at 3.35 28.75 180) (size 1.5 1.5) (drill 0.7) (layers *.Cu *.Mask)
      (net 2 XB4))
    (pad 21 thru_hole circle (at -3.35 28.75 180) (size 1.5 1.5) (drill 0.7) (layers *.Cu *.Mask)
      (net 8 XB3))
    (pad 22 thru_hole circle (at -10.05 28.75 180) (size 1.5 1.5) (drill 0.7) (layers *.Cu *.Mask)
      (net 7 XB2))
    (pad 23 thru_hole circle (at -16.75 28.75 180) (size 1.5 1.5) (drill 0.7) (layers *.Cu *.Mask)
      (net 6 XB1))
    (pad 24 thru_hole circle (at -23.45 28.75 180) (size 1.5 1.5) (drill 0.7) (layers *.Cu *.Mask)
      (net 5 XB0))
    (pad 25 thru_hole circle (at -29.65 22.75 180) (size 1.5 1.5) (drill 0.7) (layers *.Cu *.Mask)
      (net 13 YL5))
    (pad 26 thru_hole circle (at -29.65 16.25 180) (size 1.5 1.5) (drill 0.7) (layers *.Cu *.Mask)
      (net 14 YL4))
    (pad 9 thru_hole circle (at 29.65 -22.75 180) (size 1.5 1.5) (drill 0.7) (layers *.Cu *.Mask)
      (net 23 "Net-(CM1-Pad13)"))
    (pad 8 thru_hole circle (at 23.45 -28.75 180) (size 1.5 1.5) (drill 0.7) (layers *.Cu *.Mask)
      (net 9 XT3-7))
    (pad 7 thru_hole circle (at 16.75 -28.75 180) (size 1.5 1.5) (drill 0.7) (layers *.Cu *.Mask)
      (net 10 XT2-6))
    (pad 6 thru_hole circle (at 10.05 -28.75 180) (size 1.5 1.5) (drill 0.7) (layers *.Cu *.Mask)
      (net 11 XT1-5))
    (pad 5 thru_hole circle (at 3.35 -28.75 180) (size 1.5 1.5) (drill 0.7) (layers *.Cu *.Mask)
      (net 12 XT0-4))
    (pad 4 thru_hole circle (at -3.35 -28.75 180) (size 1.5 1.5) (drill 0.7) (layers *.Cu *.Mask)
      (net 9 XT3-7))
    (pad 3 thru_hole circle (at -10.05 -28.75 180) (size 1.5 1.5) (drill 0.7) (layers *.Cu *.Mask)
      (net 10 XT2-6))
    (pad 2 thru_hole circle (at -16.75 -28.75 180) (size 1.5 1.5) (drill 0.7) (layers *.Cu *.Mask)
      (net 11 XT1-5))
    (pad 1 thru_hole rect (at -23.45 -28.75 180) (size 1.5 1.5) (drill 0.7) (layers *.Cu *.Mask)
      (net 12 XT0-4))
    (pad 32 thru_hole circle (at -29.65 -22.75 180) (size 1.5 1.5) (drill 0.7) (layers *.Cu *.Mask)
      (net 18 YL0))
    (pad 31 thru_hole circle (at -29.65 -16.25 180) (size 1.5 1.5) (drill 0.7) (layers *.Cu *.Mask)
      (net 17 YL1))
    (pad 30 thru_hole circle (at -29.65 -9.75 180) (size 1.5 1.5) (drill 0.7) (layers *.Cu *.Mask)
      (net 16 YL2))
    (pad 29 thru_hole circle (at -29.65 -3.325 180) (size 1.5 1.5) (drill 0.7) (layers *.Cu *.Mask)
      (net 15 YL3))
    (pad 28 thru_hole circle (at -29.65 3.25 180) (size 1.5 1.5) (drill 0.7) (layers *.Cu *.Mask)
      (net 14 YL4))
    (pad 27 thru_hole circle (at -29.65 9.75 180) (size 1.5 1.5) (drill 0.7) (layers *.Cu *.Mask)
      (net 13 YL5))
  )

  (module Capacitor_SMD:C_0805_2012Metric (layer B.Cu) (tedit 5B36C52B) (tstamp 5E7450FC)
    (at -27.985 33.45 270)
    (descr "Capacitor SMD 0805 (2012 Metric), square (rectangular) end terminal, IPC_7351 nominal, (Body size source: https://docs.google.com/spreadsheets/d/1BsfQQcO9C6DZCsRaXUlFlo91Tg2WpOkGARC1WS5S8t0/edit?usp=sharing), generated with kicad-footprint-generator")
    (tags capacitor)
    (path /5E73B073)
    (attr smd)
    (fp_text reference C1 (at 0 1.65) (layer B.SilkS)
      (effects (font (size 1 1) (thickness 0.15)) (justify mirror))
    )
    (fp_text value 0.1uF (at 0 -1.65 90) (layer B.Fab)
      (effects (font (size 1 1) (thickness 0.15)) (justify mirror))
    )
    (fp_text user %R (at 0 0 90) (layer B.Fab)
      (effects (font (size 0.5 0.5) (thickness 0.08)) (justify mirror))
    )
    (fp_line (start 1.68 -0.95) (end -1.68 -0.95) (layer B.CrtYd) (width 0.05))
    (fp_line (start 1.68 0.95) (end 1.68 -0.95) (layer B.CrtYd) (width 0.05))
    (fp_line (start -1.68 0.95) (end 1.68 0.95) (layer B.CrtYd) (width 0.05))
    (fp_line (start -1.68 -0.95) (end -1.68 0.95) (layer B.CrtYd) (width 0.05))
    (fp_line (start -0.258578 -0.71) (end 0.258578 -0.71) (layer B.SilkS) (width 0.12))
    (fp_line (start -0.258578 0.71) (end 0.258578 0.71) (layer B.SilkS) (width 0.12))
    (fp_line (start 1 -0.6) (end -1 -0.6) (layer B.Fab) (width 0.1))
    (fp_line (start 1 0.6) (end 1 -0.6) (layer B.Fab) (width 0.1))
    (fp_line (start -1 0.6) (end 1 0.6) (layer B.Fab) (width 0.1))
    (fp_line (start -1 -0.6) (end -1 0.6) (layer B.Fab) (width 0.1))
    (pad 2 smd roundrect (at 0.9375 0 270) (size 0.975 1.4) (layers B.Cu B.Paste B.Mask) (roundrect_rratio 0.25)
      (net 21 GNDD))
    (pad 1 smd roundrect (at -0.9375 0 270) (size 0.975 1.4) (layers B.Cu B.Paste B.Mask) (roundrect_rratio 0.25)
      (net 33 3V3_800mA))
    (model ${KISYS3DMOD}/Capacitor_SMD.3dshapes/C_0805_2012Metric.wrl
      (at (xyz 0 0 0))
      (scale (xyz 1 1 1))
      (rotate (xyz 0 0 0))
    )
  )

  (module Capacitor_SMD:C_0805_2012Metric (layer B.Cu) (tedit 5B36C52B) (tstamp 5E7497C1)
    (at -29.985 33.45 90)
    (descr "Capacitor SMD 0805 (2012 Metric), square (rectangular) end terminal, IPC_7351 nominal, (Body size source: https://docs.google.com/spreadsheets/d/1BsfQQcO9C6DZCsRaXUlFlo91Tg2WpOkGARC1WS5S8t0/edit?usp=sharing), generated with kicad-footprint-generator")
    (tags capacitor)
    (path /5E73B066)
    (attr smd)
    (fp_text reference C2 (at 0 1.65 90) (layer B.SilkS)
      (effects (font (size 1 1) (thickness 0.15)) (justify mirror))
    )
    (fp_text value 10pF (at 0 -1.65 90) (layer B.Fab)
      (effects (font (size 1 1) (thickness 0.15)) (justify mirror))
    )
    (fp_text user %R (at 0 0 90) (layer B.Fab)
      (effects (font (size 0.5 0.5) (thickness 0.08)) (justify mirror))
    )
    (fp_line (start 1.68 -0.95) (end -1.68 -0.95) (layer B.CrtYd) (width 0.05))
    (fp_line (start 1.68 0.95) (end 1.68 -0.95) (layer B.CrtYd) (width 0.05))
    (fp_line (start -1.68 0.95) (end 1.68 0.95) (layer B.CrtYd) (width 0.05))
    (fp_line (start -1.68 -0.95) (end -1.68 0.95) (layer B.CrtYd) (width 0.05))
    (fp_line (start -0.258578 -0.71) (end 0.258578 -0.71) (layer B.SilkS) (width 0.12))
    (fp_line (start -0.258578 0.71) (end 0.258578 0.71) (layer B.SilkS) (width 0.12))
    (fp_line (start 1 -0.6) (end -1 -0.6) (layer B.Fab) (width 0.1))
    (fp_line (start 1 0.6) (end 1 -0.6) (layer B.Fab) (width 0.1))
    (fp_line (start -1 0.6) (end 1 0.6) (layer B.Fab) (width 0.1))
    (fp_line (start -1 -0.6) (end -1 0.6) (layer B.Fab) (width 0.1))
    (pad 2 smd roundrect (at 0.9375 0 90) (size 0.975 1.4) (layers B.Cu B.Paste B.Mask) (roundrect_rratio 0.25)
      (net 21 GNDD))
    (pad 1 smd roundrect (at -0.9375 0 90) (size 0.975 1.4) (layers B.Cu B.Paste B.Mask) (roundrect_rratio 0.25)
      (net 37 "Net-(C2-Pad1)"))
    (model ${KISYS3DMOD}/Capacitor_SMD.3dshapes/C_0805_2012Metric.wrl
      (at (xyz 0 0 0))
      (scale (xyz 1 1 1))
      (rotate (xyz 0 0 0))
    )
  )

  (module Resistor_SMD:R_0805_2012Metric (layer B.Cu) (tedit 5B36C52B) (tstamp 5E74509C)
    (at -19.985 33.45 270)
    (descr "Resistor SMD 0805 (2012 Metric), square (rectangular) end terminal, IPC_7351 nominal, (Body size source: https://docs.google.com/spreadsheets/d/1BsfQQcO9C6DZCsRaXUlFlo91Tg2WpOkGARC1WS5S8t0/edit?usp=sharing), generated with kicad-footprint-generator")
    (tags resistor)
    (path /5E73B051)
    (attr smd)
    (fp_text reference R1 (at 0 1.65 90) (layer B.SilkS)
      (effects (font (size 1 1) (thickness 0.15)) (justify mirror))
    )
    (fp_text value 4K7 (at 0 -1.65 90) (layer B.Fab)
      (effects (font (size 1 1) (thickness 0.15)) (justify mirror))
    )
    (fp_text user %R (at 0 0 90) (layer B.Fab)
      (effects (font (size 0.5 0.5) (thickness 0.08)) (justify mirror))
    )
    (fp_line (start 1.68 -0.95) (end -1.68 -0.95) (layer B.CrtYd) (width 0.05))
    (fp_line (start 1.68 0.95) (end 1.68 -0.95) (layer B.CrtYd) (width 0.05))
    (fp_line (start -1.68 0.95) (end 1.68 0.95) (layer B.CrtYd) (width 0.05))
    (fp_line (start -1.68 -0.95) (end -1.68 0.95) (layer B.CrtYd) (width 0.05))
    (fp_line (start -0.258578 -0.71) (end 0.258578 -0.71) (layer B.SilkS) (width 0.12))
    (fp_line (start -0.258578 0.71) (end 0.258578 0.71) (layer B.SilkS) (width 0.12))
    (fp_line (start 1 -0.6) (end -1 -0.6) (layer B.Fab) (width 0.1))
    (fp_line (start 1 0.6) (end 1 -0.6) (layer B.Fab) (width 0.1))
    (fp_line (start -1 0.6) (end 1 0.6) (layer B.Fab) (width 0.1))
    (fp_line (start -1 -0.6) (end -1 0.6) (layer B.Fab) (width 0.1))
    (pad 2 smd roundrect (at 0.9375 0 270) (size 0.975 1.4) (layers B.Cu B.Paste B.Mask) (roundrect_rratio 0.25)
      (net 37 "Net-(C2-Pad1)"))
    (pad 1 smd roundrect (at -0.9375 0 270) (size 0.975 1.4) (layers B.Cu B.Paste B.Mask) (roundrect_rratio 0.25)
      (net 33 3V3_800mA))
    (model ${KISYS3DMOD}/Resistor_SMD.3dshapes/R_0805_2012Metric.wrl
      (at (xyz 0 0 0))
      (scale (xyz 1 1 1))
      (rotate (xyz 0 0 0))
    )
  )

  (module Capacitor_SMD:C_0805_2012Metric (layer F.Cu) (tedit 5B36C52B) (tstamp 5E884FFE)
    (at 0.870001 56.475001)
    (descr "Capacitor SMD 0805 (2012 Metric), square (rectangular) end terminal, IPC_7351 nominal, (Body size source: https://docs.google.com/spreadsheets/d/1BsfQQcO9C6DZCsRaXUlFlo91Tg2WpOkGARC1WS5S8t0/edit?usp=sharing), generated with kicad-footprint-generator")
    (tags capacitor)
    (path /5E7D3CF5)
    (attr smd)
    (fp_text reference C4 (at 0 -1.65) (layer F.SilkS)
      (effects (font (size 1 1) (thickness 0.15)))
    )
    (fp_text value 0.1uF (at 0 1.65) (layer F.Fab)
      (effects (font (size 1 1) (thickness 0.15)))
    )
    (fp_text user %R (at 0 0) (layer F.Fab)
      (effects (font (size 0.5 0.5) (thickness 0.08)))
    )
    (fp_line (start 1.68 0.95) (end -1.68 0.95) (layer F.CrtYd) (width 0.05))
    (fp_line (start 1.68 -0.95) (end 1.68 0.95) (layer F.CrtYd) (width 0.05))
    (fp_line (start -1.68 -0.95) (end 1.68 -0.95) (layer F.CrtYd) (width 0.05))
    (fp_line (start -1.68 0.95) (end -1.68 -0.95) (layer F.CrtYd) (width 0.05))
    (fp_line (start -0.258578 0.71) (end 0.258578 0.71) (layer F.SilkS) (width 0.12))
    (fp_line (start -0.258578 -0.71) (end 0.258578 -0.71) (layer F.SilkS) (width 0.12))
    (fp_line (start 1 0.6) (end -1 0.6) (layer F.Fab) (width 0.1))
    (fp_line (start 1 -0.6) (end 1 0.6) (layer F.Fab) (width 0.1))
    (fp_line (start -1 -0.6) (end 1 -0.6) (layer F.Fab) (width 0.1))
    (fp_line (start -1 0.6) (end -1 -0.6) (layer F.Fab) (width 0.1))
    (pad 2 smd roundrect (at 0.9375 0) (size 0.975 1.4) (layers F.Cu F.Paste F.Mask) (roundrect_rratio 0.25)
      (net 21 GNDD))
    (pad 1 smd roundrect (at -0.9375 0) (size 0.975 1.4) (layers F.Cu F.Paste F.Mask) (roundrect_rratio 0.25)
      (net 33 3V3_800mA))
    (model ${KISYS3DMOD}/Capacitor_SMD.3dshapes/C_0805_2012Metric.wrl
      (at (xyz 0 0 0))
      (scale (xyz 1 1 1))
      (rotate (xyz 0 0 0))
    )
  )

  (module Capacitor_SMD:C_0805_2012Metric (layer F.Cu) (tedit 5B36C52B) (tstamp 5E88500F)
    (at 7.820001 51.825001)
    (descr "Capacitor SMD 0805 (2012 Metric), square (rectangular) end terminal, IPC_7351 nominal, (Body size source: https://docs.google.com/spreadsheets/d/1BsfQQcO9C6DZCsRaXUlFlo91Tg2WpOkGARC1WS5S8t0/edit?usp=sharing), generated with kicad-footprint-generator")
    (tags capacitor)
    (path /5E7D3CE8)
    (attr smd)
    (fp_text reference C5 (at 0 -1.65) (layer F.SilkS)
      (effects (font (size 1 1) (thickness 0.15)))
    )
    (fp_text value 10pF (at 0 1.65) (layer F.Fab)
      (effects (font (size 1 1) (thickness 0.15)))
    )
    (fp_text user %R (at 0 0) (layer F.Fab)
      (effects (font (size 0.5 0.5) (thickness 0.08)))
    )
    (fp_line (start 1.68 0.95) (end -1.68 0.95) (layer F.CrtYd) (width 0.05))
    (fp_line (start 1.68 -0.95) (end 1.68 0.95) (layer F.CrtYd) (width 0.05))
    (fp_line (start -1.68 -0.95) (end 1.68 -0.95) (layer F.CrtYd) (width 0.05))
    (fp_line (start -1.68 0.95) (end -1.68 -0.95) (layer F.CrtYd) (width 0.05))
    (fp_line (start -0.258578 0.71) (end 0.258578 0.71) (layer F.SilkS) (width 0.12))
    (fp_line (start -0.258578 -0.71) (end 0.258578 -0.71) (layer F.SilkS) (width 0.12))
    (fp_line (start 1 0.6) (end -1 0.6) (layer F.Fab) (width 0.1))
    (fp_line (start 1 -0.6) (end 1 0.6) (layer F.Fab) (width 0.1))
    (fp_line (start -1 -0.6) (end 1 -0.6) (layer F.Fab) (width 0.1))
    (fp_line (start -1 0.6) (end -1 -0.6) (layer F.Fab) (width 0.1))
    (pad 2 smd roundrect (at 0.9375 0) (size 0.975 1.4) (layers F.Cu F.Paste F.Mask) (roundrect_rratio 0.25)
      (net 21 GNDD))
    (pad 1 smd roundrect (at -0.9375 0) (size 0.975 1.4) (layers F.Cu F.Paste F.Mask) (roundrect_rratio 0.25)
      (net 38 "Net-(C5-Pad1)"))
    (model ${KISYS3DMOD}/Capacitor_SMD.3dshapes/C_0805_2012Metric.wrl
      (at (xyz 0 0 0))
      (scale (xyz 1 1 1))
      (rotate (xyz 0 0 0))
    )
  )

  (module Capacitor_SMD:C_0805_2012Metric (layer F.Cu) (tedit 5B36C52B) (tstamp 5E885020)
    (at -1.229999 61.005001)
    (descr "Capacitor SMD 0805 (2012 Metric), square (rectangular) end terminal, IPC_7351 nominal, (Body size source: https://docs.google.com/spreadsheets/d/1BsfQQcO9C6DZCsRaXUlFlo91Tg2WpOkGARC1WS5S8t0/edit?usp=sharing), generated with kicad-footprint-generator")
    (tags capacitor)
    (path /5E7DADC6)
    (attr smd)
    (fp_text reference C7 (at 0 -1.65) (layer F.SilkS)
      (effects (font (size 1 1) (thickness 0.15)))
    )
    (fp_text value 0.1uF (at 0 1.65) (layer F.Fab)
      (effects (font (size 1 1) (thickness 0.15)))
    )
    (fp_text user %R (at 0 0) (layer F.Fab)
      (effects (font (size 0.5 0.5) (thickness 0.08)))
    )
    (fp_line (start 1.68 0.95) (end -1.68 0.95) (layer F.CrtYd) (width 0.05))
    (fp_line (start 1.68 -0.95) (end 1.68 0.95) (layer F.CrtYd) (width 0.05))
    (fp_line (start -1.68 -0.95) (end 1.68 -0.95) (layer F.CrtYd) (width 0.05))
    (fp_line (start -1.68 0.95) (end -1.68 -0.95) (layer F.CrtYd) (width 0.05))
    (fp_line (start -0.258578 0.71) (end 0.258578 0.71) (layer F.SilkS) (width 0.12))
    (fp_line (start -0.258578 -0.71) (end 0.258578 -0.71) (layer F.SilkS) (width 0.12))
    (fp_line (start 1 0.6) (end -1 0.6) (layer F.Fab) (width 0.1))
    (fp_line (start 1 -0.6) (end 1 0.6) (layer F.Fab) (width 0.1))
    (fp_line (start -1 -0.6) (end 1 -0.6) (layer F.Fab) (width 0.1))
    (fp_line (start -1 0.6) (end -1 -0.6) (layer F.Fab) (width 0.1))
    (pad 2 smd roundrect (at 0.9375 0) (size 0.975 1.4) (layers F.Cu F.Paste F.Mask) (roundrect_rratio 0.25)
      (net 21 GNDD))
    (pad 1 smd roundrect (at -0.9375 0) (size 0.975 1.4) (layers F.Cu F.Paste F.Mask) (roundrect_rratio 0.25)
      (net 33 3V3_800mA))
    (model ${KISYS3DMOD}/Capacitor_SMD.3dshapes/C_0805_2012Metric.wrl
      (at (xyz 0 0 0))
      (scale (xyz 1 1 1))
      (rotate (xyz 0 0 0))
    )
  )

  (module Capacitor_SMD:C_0805_2012Metric (layer F.Cu) (tedit 5B36C52B) (tstamp 5E885031)
    (at 5.280001 56.475001)
    (descr "Capacitor SMD 0805 (2012 Metric), square (rectangular) end terminal, IPC_7351 nominal, (Body size source: https://docs.google.com/spreadsheets/d/1BsfQQcO9C6DZCsRaXUlFlo91Tg2WpOkGARC1WS5S8t0/edit?usp=sharing), generated with kicad-footprint-generator")
    (tags capacitor)
    (path /5E7DADB9)
    (attr smd)
    (fp_text reference C8 (at 0 -1.65) (layer F.SilkS)
      (effects (font (size 1 1) (thickness 0.15)))
    )
    (fp_text value 10pF (at 0 1.65) (layer F.Fab)
      (effects (font (size 1 1) (thickness 0.15)))
    )
    (fp_text user %R (at 0 0) (layer F.Fab)
      (effects (font (size 0.5 0.5) (thickness 0.08)))
    )
    (fp_line (start 1.68 0.95) (end -1.68 0.95) (layer F.CrtYd) (width 0.05))
    (fp_line (start 1.68 -0.95) (end 1.68 0.95) (layer F.CrtYd) (width 0.05))
    (fp_line (start -1.68 -0.95) (end 1.68 -0.95) (layer F.CrtYd) (width 0.05))
    (fp_line (start -1.68 0.95) (end -1.68 -0.95) (layer F.CrtYd) (width 0.05))
    (fp_line (start -0.258578 0.71) (end 0.258578 0.71) (layer F.SilkS) (width 0.12))
    (fp_line (start -0.258578 -0.71) (end 0.258578 -0.71) (layer F.SilkS) (width 0.12))
    (fp_line (start 1 0.6) (end -1 0.6) (layer F.Fab) (width 0.1))
    (fp_line (start 1 -0.6) (end 1 0.6) (layer F.Fab) (width 0.1))
    (fp_line (start -1 -0.6) (end 1 -0.6) (layer F.Fab) (width 0.1))
    (fp_line (start -1 0.6) (end -1 -0.6) (layer F.Fab) (width 0.1))
    (pad 2 smd roundrect (at 0.9375 0) (size 0.975 1.4) (layers F.Cu F.Paste F.Mask) (roundrect_rratio 0.25)
      (net 21 GNDD))
    (pad 1 smd roundrect (at -0.9375 0) (size 0.975 1.4) (layers F.Cu F.Paste F.Mask) (roundrect_rratio 0.25)
      (net 39 "Net-(C8-Pad1)"))
    (model ${KISYS3DMOD}/Capacitor_SMD.3dshapes/C_0805_2012Metric.wrl
      (at (xyz 0 0 0))
      (scale (xyz 1 1 1))
      (rotate (xyz 0 0 0))
    )
  )

  (module Capacitor_SMD:C_0805_2012Metric (layer F.Cu) (tedit 5B36C52B) (tstamp 5E885042)
    (at 12.230001 51.825001)
    (descr "Capacitor SMD 0805 (2012 Metric), square (rectangular) end terminal, IPC_7351 nominal, (Body size source: https://docs.google.com/spreadsheets/d/1BsfQQcO9C6DZCsRaXUlFlo91Tg2WpOkGARC1WS5S8t0/edit?usp=sharing), generated with kicad-footprint-generator")
    (tags capacitor)
    (path /5E7E3335)
    (attr smd)
    (fp_text reference C10 (at 0 -1.65) (layer F.SilkS)
      (effects (font (size 1 1) (thickness 0.15)))
    )
    (fp_text value 0.1uF (at 0 1.65) (layer F.Fab)
      (effects (font (size 1 1) (thickness 0.15)))
    )
    (fp_text user %R (at 0 0) (layer F.Fab)
      (effects (font (size 0.5 0.5) (thickness 0.08)))
    )
    (fp_line (start 1.68 0.95) (end -1.68 0.95) (layer F.CrtYd) (width 0.05))
    (fp_line (start 1.68 -0.95) (end 1.68 0.95) (layer F.CrtYd) (width 0.05))
    (fp_line (start -1.68 -0.95) (end 1.68 -0.95) (layer F.CrtYd) (width 0.05))
    (fp_line (start -1.68 0.95) (end -1.68 -0.95) (layer F.CrtYd) (width 0.05))
    (fp_line (start -0.258578 0.71) (end 0.258578 0.71) (layer F.SilkS) (width 0.12))
    (fp_line (start -0.258578 -0.71) (end 0.258578 -0.71) (layer F.SilkS) (width 0.12))
    (fp_line (start 1 0.6) (end -1 0.6) (layer F.Fab) (width 0.1))
    (fp_line (start 1 -0.6) (end 1 0.6) (layer F.Fab) (width 0.1))
    (fp_line (start -1 -0.6) (end 1 -0.6) (layer F.Fab) (width 0.1))
    (fp_line (start -1 0.6) (end -1 -0.6) (layer F.Fab) (width 0.1))
    (pad 2 smd roundrect (at 0.9375 0) (size 0.975 1.4) (layers F.Cu F.Paste F.Mask) (roundrect_rratio 0.25)
      (net 21 GNDD))
    (pad 1 smd roundrect (at -0.9375 0) (size 0.975 1.4) (layers F.Cu F.Paste F.Mask) (roundrect_rratio 0.25)
      (net 33 3V3_800mA))
    (model ${KISYS3DMOD}/Capacitor_SMD.3dshapes/C_0805_2012Metric.wrl
      (at (xyz 0 0 0))
      (scale (xyz 1 1 1))
      (rotate (xyz 0 0 0))
    )
  )

  (module Capacitor_SMD:C_0805_2012Metric (layer F.Cu) (tedit 5B36C52B) (tstamp 5E885053)
    (at -1.229999 63.955001)
    (descr "Capacitor SMD 0805 (2012 Metric), square (rectangular) end terminal, IPC_7351 nominal, (Body size source: https://docs.google.com/spreadsheets/d/1BsfQQcO9C6DZCsRaXUlFlo91Tg2WpOkGARC1WS5S8t0/edit?usp=sharing), generated with kicad-footprint-generator")
    (tags capacitor)
    (path /5E7E3328)
    (attr smd)
    (fp_text reference C11 (at 0 -1.65) (layer F.SilkS)
      (effects (font (size 1 1) (thickness 0.15)))
    )
    (fp_text value 10pF (at 0 1.65) (layer F.Fab)
      (effects (font (size 1 1) (thickness 0.15)))
    )
    (fp_text user %R (at 0 0) (layer F.Fab)
      (effects (font (size 0.5 0.5) (thickness 0.08)))
    )
    (fp_line (start 1.68 0.95) (end -1.68 0.95) (layer F.CrtYd) (width 0.05))
    (fp_line (start 1.68 -0.95) (end 1.68 0.95) (layer F.CrtYd) (width 0.05))
    (fp_line (start -1.68 -0.95) (end 1.68 -0.95) (layer F.CrtYd) (width 0.05))
    (fp_line (start -1.68 0.95) (end -1.68 -0.95) (layer F.CrtYd) (width 0.05))
    (fp_line (start -0.258578 0.71) (end 0.258578 0.71) (layer F.SilkS) (width 0.12))
    (fp_line (start -0.258578 -0.71) (end 0.258578 -0.71) (layer F.SilkS) (width 0.12))
    (fp_line (start 1 0.6) (end -1 0.6) (layer F.Fab) (width 0.1))
    (fp_line (start 1 -0.6) (end 1 0.6) (layer F.Fab) (width 0.1))
    (fp_line (start -1 -0.6) (end 1 -0.6) (layer F.Fab) (width 0.1))
    (fp_line (start -1 0.6) (end -1 -0.6) (layer F.Fab) (width 0.1))
    (pad 2 smd roundrect (at 0.9375 0) (size 0.975 1.4) (layers F.Cu F.Paste F.Mask) (roundrect_rratio 0.25)
      (net 21 GNDD))
    (pad 1 smd roundrect (at -0.9375 0) (size 0.975 1.4) (layers F.Cu F.Paste F.Mask) (roundrect_rratio 0.25)
      (net 40 "Net-(C11-Pad1)"))
    (model ${KISYS3DMOD}/Capacitor_SMD.3dshapes/C_0805_2012Metric.wrl
      (at (xyz 0 0 0))
      (scale (xyz 1 1 1))
      (rotate (xyz 0 0 0))
    )
  )

  (module Resistor_SMD:R_0805_2012Metric (layer F.Cu) (tedit 5B36C52B) (tstamp 5E885064)
    (at 3.180001 59.425001)
    (descr "Resistor SMD 0805 (2012 Metric), square (rectangular) end terminal, IPC_7351 nominal, (Body size source: https://docs.google.com/spreadsheets/d/1BsfQQcO9C6DZCsRaXUlFlo91Tg2WpOkGARC1WS5S8t0/edit?usp=sharing), generated with kicad-footprint-generator")
    (tags resistor)
    (path /5E7D3CDF)
    (attr smd)
    (fp_text reference R2 (at 0 -1.65) (layer F.SilkS)
      (effects (font (size 1 1) (thickness 0.15)))
    )
    (fp_text value 4K7 (at 0 1.65) (layer F.Fab)
      (effects (font (size 1 1) (thickness 0.15)))
    )
    (fp_text user %R (at 0 0) (layer F.Fab)
      (effects (font (size 0.5 0.5) (thickness 0.08)))
    )
    (fp_line (start 1.68 0.95) (end -1.68 0.95) (layer F.CrtYd) (width 0.05))
    (fp_line (start 1.68 -0.95) (end 1.68 0.95) (layer F.CrtYd) (width 0.05))
    (fp_line (start -1.68 -0.95) (end 1.68 -0.95) (layer F.CrtYd) (width 0.05))
    (fp_line (start -1.68 0.95) (end -1.68 -0.95) (layer F.CrtYd) (width 0.05))
    (fp_line (start -0.258578 0.71) (end 0.258578 0.71) (layer F.SilkS) (width 0.12))
    (fp_line (start -0.258578 -0.71) (end 0.258578 -0.71) (layer F.SilkS) (width 0.12))
    (fp_line (start 1 0.6) (end -1 0.6) (layer F.Fab) (width 0.1))
    (fp_line (start 1 -0.6) (end 1 0.6) (layer F.Fab) (width 0.1))
    (fp_line (start -1 -0.6) (end 1 -0.6) (layer F.Fab) (width 0.1))
    (fp_line (start -1 0.6) (end -1 -0.6) (layer F.Fab) (width 0.1))
    (pad 2 smd roundrect (at 0.9375 0) (size 0.975 1.4) (layers F.Cu F.Paste F.Mask) (roundrect_rratio 0.25)
      (net 38 "Net-(C5-Pad1)"))
    (pad 1 smd roundrect (at -0.9375 0) (size 0.975 1.4) (layers F.Cu F.Paste F.Mask) (roundrect_rratio 0.25)
      (net 33 3V3_800mA))
    (model ${KISYS3DMOD}/Resistor_SMD.3dshapes/R_0805_2012Metric.wrl
      (at (xyz 0 0 0))
      (scale (xyz 1 1 1))
      (rotate (xyz 0 0 0))
    )
  )

  (module Resistor_SMD:R_0805_2012Metric (layer F.Cu) (tedit 5B36C52B) (tstamp 5E885075)
    (at 9.690001 54.775001)
    (descr "Resistor SMD 0805 (2012 Metric), square (rectangular) end terminal, IPC_7351 nominal, (Body size source: https://docs.google.com/spreadsheets/d/1BsfQQcO9C6DZCsRaXUlFlo91Tg2WpOkGARC1WS5S8t0/edit?usp=sharing), generated with kicad-footprint-generator")
    (tags resistor)
    (path /5E7DADB0)
    (attr smd)
    (fp_text reference R3 (at 0 -1.65) (layer F.SilkS)
      (effects (font (size 1 1) (thickness 0.15)))
    )
    (fp_text value 4K7 (at 0 1.65) (layer F.Fab)
      (effects (font (size 1 1) (thickness 0.15)))
    )
    (fp_text user %R (at 0 0) (layer F.Fab)
      (effects (font (size 0.5 0.5) (thickness 0.08)))
    )
    (fp_line (start 1.68 0.95) (end -1.68 0.95) (layer F.CrtYd) (width 0.05))
    (fp_line (start 1.68 -0.95) (end 1.68 0.95) (layer F.CrtYd) (width 0.05))
    (fp_line (start -1.68 -0.95) (end 1.68 -0.95) (layer F.CrtYd) (width 0.05))
    (fp_line (start -1.68 0.95) (end -1.68 -0.95) (layer F.CrtYd) (width 0.05))
    (fp_line (start -0.258578 0.71) (end 0.258578 0.71) (layer F.SilkS) (width 0.12))
    (fp_line (start -0.258578 -0.71) (end 0.258578 -0.71) (layer F.SilkS) (width 0.12))
    (fp_line (start 1 0.6) (end -1 0.6) (layer F.Fab) (width 0.1))
    (fp_line (start 1 -0.6) (end 1 0.6) (layer F.Fab) (width 0.1))
    (fp_line (start -1 -0.6) (end 1 -0.6) (layer F.Fab) (width 0.1))
    (fp_line (start -1 0.6) (end -1 -0.6) (layer F.Fab) (width 0.1))
    (pad 2 smd roundrect (at 0.9375 0) (size 0.975 1.4) (layers F.Cu F.Paste F.Mask) (roundrect_rratio 0.25)
      (net 39 "Net-(C8-Pad1)"))
    (pad 1 smd roundrect (at -0.9375 0) (size 0.975 1.4) (layers F.Cu F.Paste F.Mask) (roundrect_rratio 0.25)
      (net 33 3V3_800mA))
    (model ${KISYS3DMOD}/Resistor_SMD.3dshapes/R_0805_2012Metric.wrl
      (at (xyz 0 0 0))
      (scale (xyz 1 1 1))
      (rotate (xyz 0 0 0))
    )
  )

  (module Resistor_SMD:R_0805_2012Metric (layer F.Cu) (tedit 5B36C52B) (tstamp 5E885086)
    (at 3.180001 62.375001)
