(kicad_pcb (version 20171130) (host pcbnew "(5.1.2-1)-1")

  (general
    (thickness 1.6)
    (drawings 302)
    (tracks 0)
    (zones 0)
    (modules 89)
    (nets 1)
  )

  (page A4)
  (layers
    (0 F.Cu signal)
    (31 B.Cu signal)
    (32 B.Adhes user hide)
    (33 F.Adhes user hide)
    (34 B.Paste user hide)
    (35 F.Paste user hide)
    (36 B.SilkS user)
    (37 F.SilkS user)
    (38 B.Mask user)
    (39 F.Mask user)
    (40 Dwgs.User user hide)
    (41 Cmts.User user hide)
    (42 Eco1.User user hide)
    (43 Eco2.User user hide)
    (44 Edge.Cuts user)
    (45 Margin user hide)
    (46 B.CrtYd user)
    (47 F.CrtYd user)
    (48 B.Fab user hide)
    (49 F.Fab user hide)
  )

  (setup
    (last_trace_width 0.25)
    (trace_clearance 0.2)
    (zone_clearance 0.508)
    (zone_45_only no)
    (trace_min 0.2)
    (via_size 0.8)
    (via_drill 0.4)
    (via_min_size 0.4)
    (via_min_drill 0.3)
    (uvia_size 0.3)
    (uvia_drill 0.1)
    (uvias_allowed no)
    (uvia_min_size 0.2)
    (uvia_min_drill 0.1)
    (edge_width 0.05)
    (segment_width 0.2)
    (pcb_text_width 0.3)
    (pcb_text_size 1.5 1.5)
    (mod_edge_width 0.12)
    (mod_text_size 1 1)
    (mod_text_width 0.15)
    (pad_size 1.524 1.524)
    (pad_drill 0.762)
    (pad_to_mask_clearance 0.051)
    (solder_mask_min_width 0.25)
    (aux_axis_origin 0 0)
    (grid_origin 33.5 25)
    (visible_elements FFFFEF7F)
    (pcbplotparams
      (layerselection 0x010f0_ffffffff)
      (usegerberextensions false)
      (usegerberattributes false)
      (usegerberadvancedattributes false)
      (creategerberjobfile false)
      (excludeedgelayer true)
      (linewidth 0.100000)
      (plotframeref false)
      (viasonmask false)
      (mode 1)
      (useauxorigin false)
      (hpglpennumber 1)
      (hpglpenspeed 20)
      (hpglpendiameter 15.000000)
      (psnegative false)
      (psa4output false)
      (plotreference true)
      (plotvalue true)
      (plotinvisibletext false)
      (padsonsilk false)
      (subtractmaskfromsilk false)
      (outputformat 1)
      (mirror false)
      (drillshape 0)
      (scaleselection 1)
      (outputdirectory "Core64_Stylus_v0.5_Gerbers/"))
  )

  (net 0 "")

  (net_class Default "This is the default net class."
    (clearance 0.2)
    (trace_width 0.25)
    (via_dia 0.8)
    (via_drill 0.4)
    (uvia_dia 0.3)
    (uvia_drill 0.1)
  )

  (module TestPoint:TestPoint_Pad_1.5x1.5mm_no_silk_screen (layer F.Cu) (tedit 6050E770) (tstamp 62AE61F9)
    (at 51.8 127)
    (descr "SMD rectangular pad as test Point, square 1.5mm side length")
    (tags "test point SMD pad rectangle square")
    (attr virtual)
    (fp_text reference REF** (at 0 -1.648) (layer F.SilkS) hide
      (effects (font (size 1 1) (thickness 0.15)))
    )
    (fp_text value TestPoint_Pad_1.5x1.5mm_no_silk_screen (at 0 1.75) (layer F.Fab)
      (effects (font (size 1 1) (thickness 0.15)))
    )
    (fp_text user %R (at 0 -1.65) (layer F.Fab)
      (effects (font (size 1 1) (thickness 0.15)))
    )
    (fp_line (start -0.762 -0.762) (end 0.762 -0.762) (layer F.CrtYd) (width 0.05))
    (fp_line (start -0.762 -0.762) (end -0.762 0.7366) (layer F.CrtYd) (width 0.05))
    (fp_line (start 0.762 0.7366) (end 0.762 -0.762) (layer F.CrtYd) (width 0.05))
    (fp_line (start 0.762 0.7366) (end -0.762 0.7366) (layer F.CrtYd) (width 0.05))
    (pad 1 thru_hole roundrect (at 0 0) (size 1.5 1.5) (drill 0.4) (layers *.Cu *.Mask) (roundrect_rratio 0.25))
  )

  (module Panelization:mouse-bite-3mm-slot-setback (layer F.Cu) (tedit 62ABF334) (tstamp 62AFEC96)
    (at 63.6 161.55 270)
    (fp_text reference mouse-bite-3mm-slot (at 0 -2.032 90) (layer F.SilkS) hide
      (effects (font (size 1 1) (thickness 0.2)))
    )
    (fp_text value VAL** (at 0 2.032 90) (layer F.SilkS) hide
      (effects (font (size 1 1) (thickness 0.2)))
    )
    (fp_arc (start -2.512 0) (end -2.512 -1) (angle 180) (layer Eco2.User) (width 0.1))
    (fp_arc (start 2.512 0) (end 2.512 1) (angle 180) (layer Eco2.User) (width 0.1))
    (fp_circle (center 2.5 0) (end 2.56 0) (layer Dwgs.User) (width 0.05))
    (fp_circle (center -2.5 0) (end -2.5 -0.06) (layer Dwgs.User) (width 0.05))
    (fp_line (start -2.512 0) (end -2.512 0) (layer Eco1.User) (width 2))
    (fp_line (start 2.512 0) (end 2.512 0) (layer Eco1.User) (width 2))
    (pad "" np_thru_hole circle (at -0.762 -1 270) (size 0.5 0.5) (drill 0.5) (layers *.Cu *.Mask))
    (pad "" np_thru_hole circle (at -0.762 1 270) (size 0.5 0.5) (drill 0.5) (layers *.Cu *.Mask))
    (pad "" np_thru_hole circle (at -0.012 -1 270) (size 0.5 0.5) (drill 0.5) (layers *.Cu *.Mask))
    (pad "" np_thru_hole circle (at -1.512 -1 270) (size 0.5 0.5) (drill 0.5) (layers *.Cu *.Mask))
    (pad "" np_thru_hole circle (at -1.512 1 270) (size 0.5 0.5) (drill 0.5) (layers *.Cu *.Mask))
    (pad "" np_thru_hole circle (at -0.012 1 270) (size 0.5 0.5) (drill 0.5) (layers *.Cu *.Mask))
    (pad "" np_thru_hole circle (at 0.762 1 270) (size 0.5 0.5) (drill 0.5) (layers *.Cu *.Mask))
    (pad "" np_thru_hole circle (at 0.762 -1 270) (size 0.5 0.5) (drill 0.5) (layers *.Cu *.Mask))
    (pad "" np_thru_hole circle (at 1.524 -1 270) (size 0.5 0.5) (drill 0.5) (layers *.Cu *.Mask))
    (pad "" np_thru_hole circle (at 1.524 1 270) (size 0.5 0.5) (drill 0.5) (layers *.Cu *.Mask))
  )

  (module Panelization:mouse-bite-3mm-slot-setback (layer B.Cu) (tedit 62ABF334) (tstamp 62AFEB84)
    (at 20 161.55 270)
    (fp_text reference mouse-bite-3mm-slot (at 0 2.032 270) (layer B.SilkS) hide
      (effects (font (size 1 1) (thickness 0.2)) (justify mirror))
    )
    (fp_text value VAL** (at 0 -2.032 270) (layer B.SilkS) hide
      (effects (font (size 1 1) (thickness 0.2)) (justify mirror))
    )
    (fp_line (start 2.512 0) (end 2.512 0) (layer Eco1.User) (width 2))
    (fp_line (start -2.512 0) (end -2.512 0) (layer Eco1.User) (width 2))
    (fp_circle (center -2.5 0) (end -2.5 0.06) (layer Dwgs.User) (width 0.05))
    (fp_circle (center 2.5 0) (end 2.56 0) (layer Dwgs.User) (width 0.05))
    (fp_arc (start 2.512 0) (end 2.512 -1) (angle -180) (layer Eco2.User) (width 0.1))
    (fp_arc (start -2.512 0) (end -2.512 1) (angle -180) (layer Eco2.User) (width 0.1))
    (pad "" np_thru_hole circle (at 1.524 -1 270) (size 0.5 0.5) (drill 0.5) (layers *.Cu *.Mask))
    (pad "" np_thru_hole circle (at 1.524 1 270) (size 0.5 0.5) (drill 0.5) (layers *.Cu *.Mask))
    (pad "" np_thru_hole circle (at 0.762 1 270) (size 0.5 0.5) (drill 0.5) (layers *.Cu *.Mask))
    (pad "" np_thru_hole circle (at 0.762 -1 270) (size 0.5 0.5) (drill 0.5) (layers *.Cu *.Mask))
    (pad "" np_thru_hole circle (at -0.012 -1 270) (size 0.5 0.5) (drill 0.5) (layers *.Cu *.Mask))
    (pad "" np_thru_hole circle (at -1.512 -1 270) (size 0.5 0.5) (drill 0.5) (layers *.Cu *.Mask))
    (pad "" np_thru_hole circle (at -1.512 1 270) (size 0.5 0.5) (drill 0.5) (layers *.Cu *.Mask))
    (pad "" np_thru_hole circle (at -0.012 1 270) (size 0.5 0.5) (drill 0.5) (layers *.Cu *.Mask))
    (pad "" np_thru_hole circle (at -0.762 -1 270) (size 0.5 0.5) (drill 0.5) (layers *.Cu *.Mask))
    (pad "" np_thru_hole circle (at -0.762 1 270) (size 0.5 0.5) (drill 0.5) (layers *.Cu *.Mask))
  )

  (module Panelization:mouse-bite-3mm-slot-setback (layer F.Cu) (tedit 62ABF334) (tstamp 62AFEAC5)
    (at 63.6 18.45 90)
    (fp_text reference mouse-bite-3mm-slot (at 0 -2.032 90) (layer F.SilkS) hide
      (effects (font (size 1 1) (thickness 0.2)))
    )
    (fp_text value VAL** (at 0 2.032 90) (layer F.SilkS) hide
      (effects (font (size 1 1) (thickness 0.2)))
    )
    (fp_line (start 2.512 0) (end 2.512 0) (layer Eco1.User) (width 2))
    (fp_line (start -2.512 0) (end -2.512 0) (layer Eco1.User) (width 2))
    (fp_circle (center -2.5 0) (end -2.5 -0.06) (layer Dwgs.User) (width 0.05))
    (fp_circle (center 2.5 0) (end 2.56 0) (layer Dwgs.User) (width 0.05))
    (fp_arc (start 2.512 0) (end 2.512 1) (angle 180) (layer Eco2.User) (width 0.1))
    (fp_arc (start -2.512 0) (end -2.512 -1) (angle 180) (layer Eco2.User) (width 0.1))
    (pad "" np_thru_hole circle (at 1.524 1 90) (size 0.5 0.5) (drill 0.5) (layers *.Cu *.Mask))
    (pad "" np_thru_hole circle (at 1.524 -1 90) (size 0.5 0.5) (drill 0.5) (layers *.Cu *.Mask))
    (pad "" np_thru_hole circle (at 0.762 -1 90) (size 0.5 0.5) (drill 0.5) (layers *.Cu *.Mask))
    (pad "" np_thru_hole circle (at 0.762 1 90) (size 0.5 0.5) (drill 0.5) (layers *.Cu *.Mask))
    (pad "" np_thru_hole circle (at -0.012 1 90) (size 0.5 0.5) (drill 0.5) (layers *.Cu *.Mask))
    (pad "" np_thru_hole circle (at -1.512 1 90) (size 0.5 0.5) (drill 0.5) (layers *.Cu *.Mask))
    (pad "" np_thru_hole circle (at -1.512 -1 90) (size 0.5 0.5) (drill 0.5) (layers *.Cu *.Mask))
    (pad "" np_thru_hole circle (at -0.012 -1 90) (size 0.5 0.5) (drill 0.5) (layers *.Cu *.Mask))
    (pad "" np_thru_hole circle (at -0.762 1 90) (size 0.5 0.5) (drill 0.5) (layers *.Cu *.Mask))
    (pad "" np_thru_hole circle (at -0.762 -1 90) (size 0.5 0.5) (drill 0.5) (layers *.Cu *.Mask))
  )

  (module Panelization:mouse-bite-3mm-slot-setback (layer F.Cu) (tedit 62ABF334) (tstamp 62AFEA79)
    (at 20 135 90)
    (fp_text reference mouse-bite-3mm-slot (at 0 -2.032 90) (layer F.SilkS) hide
      (effects (font (size 1 1) (thickness 0.2)))
    )
    (fp_text value VAL** (at 0 2.032 90) (layer F.SilkS) hide
      (effects (font (size 1 1) (thickness 0.2)))
    )
    (fp_arc (start -2.512 0) (end -2.512 -1) (angle 180) (layer Eco2.User) (width 0.1))
    (fp_arc (start 2.512 0) (end 2.512 1) (angle 180) (layer Eco2.User) (width 0.1))
    (fp_circle (center 2.5 0) (end 2.56 0) (layer Dwgs.User) (width 0.05))
    (fp_circle (center -2.5 0) (end -2.5 -0.06) (layer Dwgs.User) (width 0.05))
    (fp_line (start -2.512 0) (end -2.512 0) (layer Eco1.User) (width 2))
    (fp_line (start 2.512 0) (end 2.512 0) (layer Eco1.User) (width 2))
    (pad "" np_thru_hole circle (at -0.762 -1 90) (size 0.5 0.5) (drill 0.5) (layers *.Cu *.Mask))
    (pad "" np_thru_hole circle (at -0.762 1 90) (size 0.5 0.5) (drill 0.5) (layers *.Cu *.Mask))
    (pad "" np_thru_hole circle (at -0.012 -1 90) (size 0.5 0.5) (drill 0.5) (layers *.Cu *.Mask))
    (pad "" np_thru_hole circle (at -1.512 -1 90) (size 0.5 0.5) (drill 0.5) (layers *.Cu *.Mask))
    (pad "" np_thru_hole circle (at -1.512 1 90) (size 0.5 0.5) (drill 0.5) (layers *.Cu *.Mask))
    (pad "" np_thru_hole circle (at -0.012 1 90) (size 0.5 0.5) (drill 0.5) (layers *.Cu *.Mask))
    (pad "" np_thru_hole circle (at 0.762 1 90) (size 0.5 0.5) (drill 0.5) (layers *.Cu *.Mask))
    (pad "" np_thru_hole circle (at 0.762 -1 90) (size 0.5 0.5) (drill 0.5) (layers *.Cu *.Mask))
    (pad "" np_thru_hole circle (at 1.524 -1 90) (size 0.5 0.5) (drill 0.5) (layers *.Cu *.Mask))
    (pad "" np_thru_hole circle (at 1.524 1 90) (size 0.5 0.5) (drill 0.5) (layers *.Cu *.Mask))
  )

  (module Panelization:mouse-bite-3mm-slot-setback (layer F.Cu) (tedit 62ABF334) (tstamp 62AE6494)
    (at 54.6 90 90)
    (fp_text reference mouse-bite-3mm-slot (at 0 -2.032 90) (layer F.SilkS) hide
      (effects (font (size 1 1) (thickness 0.2)))
    )
    (fp_text value VAL** (at 0 2.032 90) (layer F.SilkS) hide
      (effects (font (size 1 1) (thickness 0.2)))
    )
    (fp_line (start 2.512 0) (end 2.512 0) (layer Eco1.User) (width 2))
    (fp_line (start -2.512 0) (end -2.512 0) (layer Eco1.User) (width 2))
    (fp_circle (center -2.5 0) (end -2.5 -0.06) (layer Dwgs.User) (width 0.05))
    (fp_circle (center 2.5 0) (end 2.56 0) (layer Dwgs.User) (width 0.05))
    (fp_arc (start 2.512 0) (end 2.512 1) (angle 180) (layer Eco2.User) (width 0.1))
    (fp_arc (start -2.512 0) (end -2.512 -1) (angle 180) (layer Eco2.User) (width 0.1))
    (pad "" np_thru_hole circle (at 1.524 1 90) (size 0.5 0.5) (drill 0.5) (layers *.Cu *.Mask))
    (pad "" np_thru_hole circle (at 1.524 -1 90) (size 0.5 0.5) (drill 0.5) (layers *.Cu *.Mask))
    (pad "" np_thru_hole circle (at 0.762 -1 90) (size 0.5 0.5) (drill 0.5) (layers *.Cu *.Mask))
    (pad "" np_thru_hole circle (at 0.762 1 90) (size 0.5 0.5) (drill 0.5) (layers *.Cu *.Mask))
    (pad "" np_thru_hole circle (at -0.012 1 90) (size 0.5 0.5) (drill 0.5) (layers *.Cu *.Mask))
    (pad "" np_thru_hole circle (at -1.512 1 90) (size 0.5 0.5) (drill 0.5) (layers *.Cu *.Mask))
    (pad "" np_thru_hole circle (at -1.512 -1 90) (size 0.5 0.5) (drill 0.5) (layers *.Cu *.Mask))
    (pad "" np_thru_hole circle (at -0.012 -1 90) (size 0.5 0.5) (drill 0.5) (layers *.Cu *.Mask))
    (pad "" np_thru_hole circle (at -0.762 1 90) (size 0.5 0.5) (drill 0.5) (layers *.Cu *.Mask))
    (pad "" np_thru_hole circle (at -0.762 -1 90) (size 0.5 0.5) (drill 0.5) (layers *.Cu *.Mask))
  )

  (module Panelization:mouse-bite-3mm-slot-setback (layer F.Cu) (tedit 62ABF334) (tstamp 62AE63E9)
    (at 54.6 134.9 90)
    (fp_text reference mouse-bite-3mm-slot (at 0 -2.032 90) (layer F.SilkS) hide
      (effects (font (size 1 1) (thickness 0.2)))
    )
    (fp_text value VAL** (at 0 2.032 90) (layer F.SilkS) hide
      (effects (font (size 1 1) (thickness 0.2)))
    )
    (fp_line (start 2.512 0) (end 2.512 0) (layer Eco1.User) (width 2))
    (fp_line (start -2.512 0) (end -2.512 0) (layer Eco1.User) (width 2))
    (fp_circle (center -2.5 0) (end -2.5 -0.06) (layer Dwgs.User) (width 0.05))
    (fp_circle (center 2.5 0) (end 2.56 0) (layer Dwgs.User) (width 0.05))
    (fp_arc (start 2.512 0) (end 2.512 1) (angle 180) (layer Eco2.User) (width 0.1))
    (fp_arc (start -2.512 0) (end -2.512 -1) (angle 180) (layer Eco2.User) (width 0.1))
    (pad "" np_thru_hole circle (at 1.524 1 90) (size 0.5 0.5) (drill 0.5) (layers *.Cu *.Mask))
    (pad "" np_thru_hole circle (at 1.524 -1 90) (size 0.5 0.5) (drill 0.5) (layers *.Cu *.Mask))
    (pad "" np_thru_hole circle (at 0.762 -1 90) (size 0.5 0.5) (drill 0.5) (layers *.Cu *.Mask))
    (pad "" np_thru_hole circle (at 0.762 1 90) (size 0.5 0.5) (drill 0.5) (layers *.Cu *.Mask))
    (pad "" np_thru_hole circle (at -0.012 1 90) (size 0.5 0.5) (drill 0.5) (layers *.Cu *.Mask))
    (pad "" np_thru_hole circle (at -1.512 1 90) (size 0.5 0.5) (drill 0.5) (layers *.Cu *.Mask))
    (pad "" np_thru_hole circle (at -1.512 -1 90) (size 0.5 0.5) (drill 0.5) (layers *.Cu *.Mask))
    (pad "" np_thru_hole circle (at -0.012 -1 90) (size 0.5 0.5) (drill 0.5) (layers *.Cu *.Mask))
    (pad "" np_thru_hole circle (at -0.762 1 90) (size 0.5 0.5) (drill 0.5) (layers *.Cu *.Mask))
    (pad "" np_thru_hole circle (at -0.762 -1 90) (size 0.5 0.5) (drill 0.5) (layers *.Cu *.Mask))
  )

  (module TestPoint:TestPoint_Pad_1.5x1.5mm_no_silk_screen (layer F.Cu) (tedit 6050E770) (tstamp 62AE638E)
    (at 48.4 127)
    (descr "SMD rectangular pad as test Point, square 1.5mm side length")
    (tags "test point SMD pad rectangle square")
    (attr virtual)
    (fp_text reference REF** (at 0 -1.648) (layer F.SilkS) hide
      (effects (font (size 1 1) (thickness 0.15)))
    )
    (fp_text value TestPoint_Pad_1.5x1.5mm_no_silk_screen (at 0 1.75) (layer F.Fab)
      (effects (font (size 1 1) (thickness 0.15)))
    )
    (fp_text user %R (at 0 -1.65) (layer F.Fab)
      (effects (font (size 1 1) (thickness 0.15)))
    )
    (fp_line (start -0.762 -0.762) (end 0.762 -0.762) (layer F.CrtYd) (width 0.05))
    (fp_line (start -0.762 -0.762) (end -0.762 0.7366) (layer F.CrtYd) (width 0.05))
    (fp_line (start 0.762 0.7366) (end 0.762 -0.762) (layer F.CrtYd) (width 0.05))
    (fp_line (start 0.762 0.7366) (end -0.762 0.7366) (layer F.CrtYd) (width 0.05))
    (pad 1 thru_hole roundrect (at 0 0) (size 1.5 1.5) (drill 0.4) (layers *.Cu *.Mask) (roundrect_rratio 0.25))
  )

  (module TestPoint:TestPoint_Pad_1.5x1.5mm_no_silk_screen (layer F.Cu) (tedit 6050E770) (tstamp 62AE633D)
    (at 48.4 147.3)
    (descr "SMD rectangular pad as test Point, square 1.5mm side length")
    (tags "test point SMD pad rectangle square")
    (attr virtual)
    (fp_text reference REF** (at 0 -1.648) (layer F.SilkS) hide
      (effects (font (size 1 1) (thickness 0.15)))
    )
    (fp_text value TestPoint_Pad_1.5x1.5mm_no_silk_screen (at 0 1.75) (layer F.Fab)
      (effects (font (size 1 1) (thickness 0.15)))
    )
    (fp_text user %R (at 0 -1.65) (layer F.Fab)
      (effects (font (size 1 1) (thickness 0.15)))
    )
    (fp_line (start -0.762 -0.762) (end 0.762 -0.762) (layer F.CrtYd) (width 0.05))
    (fp_line (start -0.762 -0.762) (end -0.762 0.7366) (layer F.CrtYd) (width 0.05))
    (fp_line (start 0.762 0.7366) (end 0.762 -0.762) (layer F.CrtYd) (width 0.05))
    (fp_line (start 0.762 0.7366) (end -0.762 0.7366) (layer F.CrtYd) (width 0.05))
    (pad 1 thru_hole roundrect (at 0 0) (size 1.5 1.5) (drill 0.4) (layers *.Cu *.Mask) (roundrect_rratio 0.25))
  )

  (module TestPoint:TestPoint_Pad_1.5x1.5mm_no_silk_screen (layer F.Cu) (tedit 6050E770) (tstamp 62AE62EC)
    (at 51.8 52)
    (descr "SMD rectangular pad as test Point, square 1.5mm side length")
    (tags "test point SMD pad rectangle square")
    (attr virtual)
    (fp_text reference REF** (at 0 -1.648) (layer F.SilkS) hide
      (effects (font (size 1 1) (thickness 0.15)))
    )
    (fp_text value TestPoint_Pad_1.5x1.5mm_no_silk_screen (at 0 1.75) (layer F.Fab)
      (effects (font (size 1 1) (thickness 0.15)))
    )
    (fp_text user %R (at 0 -1.65) (layer F.Fab)
      (effects (font (size 1 1) (thickness 0.15)))
    )
    (fp_line (start -0.762 -0.762) (end 0.762 -0.762) (layer F.CrtYd) (width 0.05))
    (fp_line (start -0.762 -0.762) (end -0.762 0.7366) (layer F.CrtYd) (width 0.05))
    (fp_line (start 0.762 0.7366) (end 0.762 -0.762) (layer F.CrtYd) (width 0.05))
    (fp_line (start 0.762 0.7366) (end -0.762 0.7366) (layer F.CrtYd) (width 0.05))
    (pad 1 thru_hole roundrect (at 0 0) (size 1.5 1.5) (drill 0.4) (layers *.Cu *.Mask) (roundrect_rratio 0.25))
  )

  (module TestPoint:TestPoint_Pad_1.5x1.5mm_no_silk_screen (layer F.Cu) (tedit 6050E770) (tstamp 62AE629B)
    (at 51.8 77)
    (descr "SMD rectangular pad as test Point, square 1.5mm side length")
    (tags "test point SMD pad rectangle square")
    (attr virtual)
    (fp_text reference REF** (at 0 -1.648) (layer F.SilkS) hide
      (effects (font (size 1 1) (thickness 0.15)))
    )
    (fp_text value TestPoint_Pad_1.5x1.5mm_no_silk_screen (at 0 1.75) (layer F.Fab)
      (effects (font (size 1 1) (thickness 0.15)))
    )
    (fp_text user %R (at 0 -1.65) (layer F.Fab)
      (effects (font (size 1 1) (thickness 0.15)))
    )
    (fp_line (start -0.762 -0.762) (end 0.762 -0.762) (layer F.CrtYd) (width 0.05))
    (fp_line (start -0.762 -0.762) (end -0.762 0.7366) (layer F.CrtYd) (width 0.05))
    (fp_line (start 0.762 0.7366) (end 0.762 -0.762) (layer F.CrtYd) (width 0.05))
    (fp_line (start 0.762 0.7366) (end -0.762 0.7366) (layer F.CrtYd) (width 0.05))
    (pad 1 thru_hole roundrect (at 0 0) (size 1.5 1.5) (drill 0.4) (layers *.Cu *.Mask) (roundrect_rratio 0.25))
  )

  (module TestPoint:TestPoint_Pad_1.5x1.5mm_no_silk_screen (layer F.Cu) (tedit 6050E770) (tstamp 62AE624A)
    (at 51.8 102)
    (descr "SMD rectangular pad as test Point, square 1.5mm side length")
    (tags "test point SMD pad rectangle square")
    (attr virtual)
    (fp_text reference REF** (at 0 -1.648) (layer F.SilkS) hide
      (effects (font (size 1 1) (thickness 0.15)))
    )
    (fp_text value TestPoint_Pad_1.5x1.5mm_no_silk_screen (at 0 1.75) (layer F.Fab)
      (effects (font (size 1 1) (thickness 0.15)))
    )
    (fp_text user %R (at 0 -1.65) (layer F.Fab)
      (effects (font (size 1 1) (thickness 0.15)))
    )
    (fp_line (start -0.762 -0.762) (end 0.762 -0.762) (layer F.CrtYd) (width 0.05))
    (fp_line (start -0.762 -0.762) (end -0.762 0.7366) (layer F.CrtYd) (width 0.05))
    (fp_line (start 0.762 0.7366) (end 0.762 -0.762) (layer F.CrtYd) (width 0.05))
    (fp_line (start 0.762 0.7366) (end -0.762 0.7366) (layer F.CrtYd) (width 0.05))
    (pad 1 thru_hole roundrect (at 0 0) (size 1.5 1.5) (drill 0.4) (layers *.Cu *.Mask) (roundrect_rratio 0.25))
  )

  (module TestPoint:TestPoint_Pad_1.5x1.5mm_no_silk_screen (layer F.Cu) (tedit 6050E770) (tstamp 62AE61A8)
    (at 51.8 147.3)
    (descr "SMD rectangular pad as test Point, square 1.5mm side length")
    (tags "test point SMD pad rectangle square")
    (attr virtual)
    (fp_text reference REF** (at 0 -1.648) (layer F.SilkS) hide
      (effects (font (size 1 1) (thickness 0.15)))
    )
    (fp_text value TestPoint_Pad_1.5x1.5mm_no_silk_screen (at 0 1.75) (layer F.Fab)
      (effects (font (size 1 1) (thickness 0.15)))
    )
    (fp_text user %R (at 0 -1.65) (layer F.Fab)
      (effects (font (size 1 1) (thickness 0.15)))
    )
    (fp_line (start -0.762 -0.762) (end 0.762 -0.762) (layer F.CrtYd) (width 0.05))
    (fp_line (start -0.762 -0.762) (end -0.762 0.7366) (layer F.CrtYd) (width 0.05))
    (fp_line (start 0.762 0.7366) (end 0.762 -0.762) (layer F.CrtYd) (width 0.05))
    (fp_line (start 0.762 0.7366) (end -0.762 0.7366) (layer F.CrtYd) (width 0.05))
    (pad 1 thru_hole roundrect (at 0 0) (size 1.5 1.5) (drill 0.4) (layers *.Cu *.Mask) (roundrect_rratio 0.25))
  )

  (module TestPoint:TestPoint_Pad_1.5x1.5mm_no_silk_screen (layer F.Cu) (tedit 6050E770) (tstamp 62AFE784)
    (at 48.4 27)
    (descr "SMD rectangular pad as test Point, square 1.5mm side length")
    (tags "test point SMD pad rectangle square")
    (attr virtual)
    (fp_text reference REF** (at 0 -1.648) (layer F.SilkS) hide
      (effects (font (size 1 1) (thickness 0.15)))
    )
    (fp_text value TestPoint_Pad_1.5x1.5mm_no_silk_screen (at 0 1.75) (layer F.Fab)
      (effects (font (size 1 1) (thickness 0.15)))
    )
    (fp_text user %R (at 0 -1.65) (layer F.Fab)
      (effects (font (size 1 1) (thickness 0.15)))
    )
    (fp_line (start -0.762 -0.762) (end 0.762 -0.762) (layer F.CrtYd) (width 0.05))
    (fp_line (start -0.762 -0.762) (end -0.762 0.7366) (layer F.CrtYd) (width 0.05))
    (fp_line (start 0.762 0.7366) (end 0.762 -0.762) (layer F.CrtYd) (width 0.05))
    (fp_line (start 0.762 0.7366) (end -0.762 0.7366) (layer F.CrtYd) (width 0.05))
    (pad 1 thru_hole roundrect (at 0 0) (size 1.5 1.5) (drill 0.4) (layers *.Cu *.Mask) (roundrect_rratio 0.25))
  )

  (module TestPoint:TestPoint_Pad_1.5x1.5mm_no_silk_screen (layer F.Cu) (tedit 6050E770) (tstamp 62AFE79F)
    (at 51.8 27)
    (descr "SMD rectangular pad as test Point, square 1.5mm side length")
    (tags "test point SMD pad rectangle square")
    (attr virtual)
    (fp_text reference REF** (at 0 -1.648) (layer F.SilkS) hide
      (effects (font (size 1 1) (thickness 0.15)))
    )
    (fp_text value TestPoint_Pad_1.5x1.5mm_no_silk_screen (at 0 1.75) (layer F.Fab)
      (effects (font (size 1 1) (thickness 0.15)))
    )
    (fp_text user %R (at 0 -1.65) (layer F.Fab)
      (effects (font (size 1 1) (thickness 0.15)))
    )
    (fp_line (start -0.762 -0.762) (end 0.762 -0.762) (layer F.CrtYd) (width 0.05))
    (fp_line (start -0.762 -0.762) (end -0.762 0.7366) (layer F.CrtYd) (width 0.05))
    (fp_line (start 0.762 0.7366) (end 0.762 -0.762) (layer F.CrtYd) (width 0.05))
    (fp_line (start 0.762 0.7366) (end -0.762 0.7366) (layer F.CrtYd) (width 0.05))
    (pad 1 thru_hole roundrect (at 0 0) (size 1.5 1.5) (drill 0.4) (layers *.Cu *.Mask) (roundrect_rratio 0.25))
  )

  (module TestPoint:TestPoint_Pad_1.0x1.0mm_no_silk_screen (layer F.Cu) (tedit 6050E7D9) (tstamp 62AE60B5)
    (at 57.6 153.6)
    (descr "SMD rectangular pad as test Point, square 1.5mm side length")
    (tags "test point SMD pad rectangle square")
    (attr virtual)
    (fp_text reference REF** (at 0 -1.648) (layer F.SilkS) hide
      (effects (font (size 1 1) (thickness 0.15)))
    )
    (fp_text value TestPoint_Pad_1.0x1.0mm_no_silk_screen (at 0 1.75) (layer F.Fab)
      (effects (font (size 1 1) (thickness 0.15)))
    )
    (fp_text user %R (at 0 -1.65) (layer F.Fab)
      (effects (font (size 1 1) (thickness 0.15)))
    )
    (fp_line (start -0.508 -0.508) (end 0.508 -0.508) (layer F.CrtYd) (width 0.05))
    (fp_line (start -0.508 -0.508) (end -0.508 0.508) (layer F.CrtYd) (width 0.05))
    (fp_line (start 0.508 0.508) (end 0.508 -0.508) (layer F.CrtYd) (width 0.05))
    (fp_line (start 0.508 0.508) (end -0.508 0.508) (layer F.CrtYd) (width 0.05))
    (pad 1 thru_hole roundrect (at 0 0) (size 1 1) (drill 0.4) (layers *.Cu *.Mask) (roundrect_rratio 0.25))
  )

  (module TestPoint:TestPoint_Pad_1.0x1.0mm_no_silk_screen (layer F.Cu) (tedit 6050E7D9) (tstamp 62AE6064)
    (at 60.6 153.6)
    (descr "SMD rectangular pad as test Point, square 1.5mm side length")
    (tags "test point SMD pad rectangle square")
    (attr virtual)
    (fp_text reference REF** (at 0 -1.648) (layer F.SilkS) hide
      (effects (font (size 1 1) (thickness 0.15)))
    )
    (fp_text value TestPoint_Pad_1.0x1.0mm_no_silk_screen (at 0 1.75) (layer F.Fab)
      (effects (font (size 1 1) (thickness 0.15)))
    )
    (fp_text user %R (at 0 -1.65) (layer F.Fab)
      (effects (font (size 1 1) (thickness 0.15)))
    )
    (fp_line (start -0.508 -0.508) (end 0.508 -0.508) (layer F.CrtYd) (width 0.05))
    (fp_line (start -0.508 -0.508) (end -0.508 0.508) (layer F.CrtYd) (width 0.05))
    (fp_line (start 0.508 0.508) (end 0.508 -0.508) (layer F.CrtYd) (width 0.05))
    (fp_line (start 0.508 0.508) (end -0.508 0.508) (layer F.CrtYd) (width 0.05))
    (pad 1 thru_hole roundrect (at 0 0) (size 1 1) (drill 0.4) (layers *.Cu *.Mask) (roundrect_rratio 0.25))
  )

  (module TestPoint:TestPoint_Pad_1.0x1.0mm_no_silk_screen (layer F.Cu) (tedit 6050E7D9) (tstamp 62AE6013)
    (at 48.6 153.6)
    (descr "SMD rectangular pad as test Point, square 1.5mm side length")
    (tags "test point SMD pad rectangle square")
    (attr virtual)
    (fp_text reference REF** (at 0 -1.648) (layer F.SilkS) hide
      (effects (font (size 1 1) (thickness 0.15)))
    )
    (fp_text value TestPoint_Pad_1.0x1.0mm_no_silk_screen (at 0 1.75) (layer F.Fab)
      (effects (font (size 1 1) (thickness 0.15)))
    )
    (fp_text user %R (at 0 -1.65) (layer F.Fab)
      (effects (font (size 1 1) (thickness 0.15)))
    )
    (fp_line (start -0.508 -0.508) (end 0.508 -0.508) (layer F.CrtYd) (width 0.05))
    (fp_line (start -0.508 -0.508) (end -0.508 0.508) (layer F.CrtYd) (width 0.05))
    (fp_line (start 0.508 0.508) (end 0.508 -0.508) (layer F.CrtYd) (width 0.05))
    (fp_line (start 0.508 0.508) (end -0.508 0.508) (layer F.CrtYd) (width 0.05))
    (pad 1 thru_hole roundrect (at 0 0) (size 1 1) (drill 0.4) (layers *.Cu *.Mask) (roundrect_rratio 0.25))
  )

  (module TestPoint:TestPoint_Pad_1.0x1.0mm_no_silk_screen (layer F.Cu) (tedit 6050E7D9) (tstamp 62AE5FC2)
    (at 51.6 153.6)
    (descr "SMD rectangular pad as test Point, square 1.5mm side length")
    (tags "test point SMD pad rectangle square")
    (attr virtual)
    (fp_text reference REF** (at 0 -1.648) (layer F.SilkS) hide
      (effects (font (size 1 1) (thickness 0.15)))
    )
    (fp_text value TestPoint_Pad_1.0x1.0mm_no_silk_screen (at 0 1.75) (layer F.Fab)
      (effects (font (size 1 1) (thickness 0.15)))
    )
    (fp_text user %R (at 0 -1.65) (layer F.Fab)
      (effects (font (size 1 1) (thickness 0.15)))
    )
    (fp_line (start -0.508 -0.508) (end 0.508 -0.508) (layer F.CrtYd) (width 0.05))
    (fp_line (start -0.508 -0.508) (end -0.508 0.508) (layer F.CrtYd) (width 0.05))
    (fp_line (start 0.508 0.508) (end 0.508 -0.508) (layer F.CrtYd) (width 0.05))
    (fp_line (start 0.508 0.508) (end -0.508 0.508) (layer F.CrtYd) (width 0.05))
    (pad 1 thru_hole roundrect (at 0 0) (size 1 1) (drill 0.4) (layers *.Cu *.Mask) (roundrect_rratio 0.25))
  )

  (module Digikey:0805 (layer F.Cu) (tedit 6063DABD) (tstamp 62AE5F41)
    (at 52.3 47.1 90)
    (fp_text reference REF** (at 0 -1.84 90) (layer Dwgs.User) hide
      (effects (font (size 1 1) (thickness 0.15)))
    )
    (fp_text value 0805 (at 0 1.95 90) (layer F.Fab)
      (effects (font (size 1 1) (thickness 0.15)))
    )
    (fp_line (start -1.9 0.93) (end 1.9 0.93) (layer F.CrtYd) (width 0.05))
    (fp_line (start -1.9 -0.93) (end 1.9 -0.93) (layer F.CrtYd) (width 0.05))
    (fp_line (start 1.9 0.93) (end 1.9 -0.93) (layer F.CrtYd) (width 0.05))
    (fp_line (start -1.9 0.93) (end -1.9 -0.93) (layer F.CrtYd) (width 0.05))
    (fp_line (start -0.32 0.8) (end 0.28 0.8) (layer Dwgs.User) (width 0.12))
    (fp_line (start -0.3 -0.8) (end 0.3 -0.8) (layer Dwgs.User) (width 0.12))
    (fp_line (start -0.95 0.68) (end 0.95 0.68) (layer F.Fab) (width 0.12))
    (fp_line (start -0.95 -0.68) (end 0.95 -0.68) (layer F.Fab) (width 0.12))
    (fp_line (start 0.95 -0.675) (end 0.95 0.675) (layer F.Fab) (width 0.12))
    (fp_line (start -0.95 -0.675) (end -0.95 0.675) (layer F.Fab) (width 0.12))
    (pad 2 thru_hole rect (at 1.05 0 90) (size 1.2 1.2) (drill 0.6) (layers *.Cu *.Mask))
    (pad 1 thru_hole rect (at -1.05 0 90) (size 1.2 1.2) (drill 0.6) (layers *.Cu *.Mask))
  )

  (module Digikey:0805 (layer F.Cu) (tedit 6063DABD) (tstamp 62AE5EBA)
    (at 52.3 42.1 90)
    (fp_text reference REF** (at 0 -1.84 90) (layer Dwgs.User) hide
      (effects (font (size 1 1) (thickness 0.15)))
    )
    (fp_text value 0805 (at 0 1.95 90) (layer F.Fab)
      (effects (font (size 1 1) (thickness 0.15)))
    )
    (fp_line (start -0.95 -0.675) (end -0.95 0.675) (layer F.Fab) (width 0.12))
    (fp_line (start 0.95 -0.675) (end 0.95 0.675) (layer F.Fab) (width 0.12))
    (fp_line (start -0.95 -0.68) (end 0.95 -0.68) (layer F.Fab) (width 0.12))
    (fp_line (start -0.95 0.68) (end 0.95 0.68) (layer F.Fab) (width 0.12))
    (fp_line (start -0.3 -0.8) (end 0.3 -0.8) (layer Dwgs.User) (width 0.12))
    (fp_line (start -0.32 0.8) (end 0.28 0.8) (layer Dwgs.User) (width 0.12))
    (fp_line (start -1.9 0.93) (end -1.9 -0.93) (layer F.CrtYd) (width 0.05))
    (fp_line (start 1.9 0.93) (end 1.9 -0.93) (layer F.CrtYd) (width 0.05))
    (fp_line (start -1.9 -0.93) (end 1.9 -0.93) (layer F.CrtYd) (width 0.05))
    (fp_line (start -1.9 0.93) (end 1.9 0.93) (layer F.CrtYd) (width 0.05))
    (pad 1 thru_hole rect (at -1.05 0 90) (size 1.2 1.2) (drill 0.6) (layers *.Cu *.Mask))
    (pad 2 thru_hole rect (at 1.05 0 90) (size 1.2 1.2) (drill 0.6) (layers *.Cu *.Mask))
  )

  (module Digikey:0805 (layer F.Cu) (tedit 6063DABD) (tstamp 62AE5E33)
    (at 52.3 37.1 90)
    (fp_text reference REF** (at 0 -1.84 90) (layer Dwgs.User) hide
      (effects (font (size 1 1) (thickness 0.15)))
    )
    (fp_text value 0805 (at 0 1.95 90) (layer F.Fab)
      (effects (font (size 1 1) (thickness 0.15)))
    )
    (fp_line (start -0.95 -0.675) (end -0.95 0.675) (layer F.Fab) (width 0.12))
    (fp_line (start 0.95 -0.675) (end 0.95 0.675) (layer F.Fab) (width 0.12))
    (fp_line (start -0.95 -0.68) (end 0.95 -0.68) (layer F.Fab) (width 0.12))
    (fp_line (start -0.95 0.68) (end 0.95 0.68) (layer F.Fab) (width 0.12))
    (fp_line (start -0.3 -0.8) (end 0.3 -0.8) (layer Dwgs.User) (width 0.12))
    (fp_line (start -0.32 0.8) (end 0.28 0.8) (layer Dwgs.User) (width 0.12))
    (fp_line (start -1.9 0.93) (end -1.9 -0.93) (layer F.CrtYd) (width 0.05))
    (fp_line (start 1.9 0.93) (end 1.9 -0.93) (layer F.CrtYd) (width 0.05))
    (fp_line (start -1.9 -0.93) (end 1.9 -0.93) (layer F.CrtYd) (width 0.05))
    (fp_line (start -1.9 0.93) (end 1.9 0.93) (layer F.CrtYd) (width 0.05))
    (pad 1 thru_hole rect (at -1.05 0 90) (size 1.2 1.2) (drill 0.6) (layers *.Cu *.Mask))
    (pad 2 thru_hole rect (at 1.05 0 90) (size 1.2 1.2) (drill 0.6) (layers *.Cu *.Mask))
  )

  (module Digikey:0805 (layer F.Cu) (tedit 6063DABD) (tstamp 62AE5DAC)
    (at 52.3 32.1 90)
    (fp_text reference REF** (at 0 -1.84 90) (layer Dwgs.User) hide
      (effects (font (size 1 1) (thickness 0.15)))
    )
    (fp_text value 0805 (at 0 1.95 90) (layer F.Fab)
      (effects (font (size 1 1) (thickness 0.15)))
    )
    (fp_line (start -0.95 -0.675) (end -0.95 0.675) (layer F.Fab) (width 0.12))
    (fp_line (start 0.95 -0.675) (end 0.95 0.675) (layer F.Fab) (width 0.12))
    (fp_line (start -0.95 -0.68) (end 0.95 -0.68) (layer F.Fab) (width 0.12))
    (fp_line (start -0.95 0.68) (end 0.95 0.68) (layer F.Fab) (width 0.12))
    (fp_line (start -0.3 -0.8) (end 0.3 -0.8) (layer Dwgs.User) (width 0.12))
    (fp_line (start -0.32 0.8) (end 0.28 0.8) (layer Dwgs.User) (width 0.12))
    (fp_line (start -1.9 0.93) (end -1.9 -0.93) (layer F.CrtYd) (width 0.05))
    (fp_line (start 1.9 0.93) (end 1.9 -0.93) (layer F.CrtYd) (width 0.05))
    (fp_line (start -1.9 -0.93) (end 1.9 -0.93) (layer F.CrtYd) (width 0.05))
    (fp_line (start -1.9 0.93) (end 1.9 0.93) (layer F.CrtYd) (width 0.05))
    (pad 1 thru_hole rect (at -1.05 0 90) (size 1.2 1.2) (drill 0.6) (layers *.Cu *.Mask))
    (pad 2 thru_hole rect (at 1.05 0 90) (size 1.2 1.2) (drill 0.6) (layers *.Cu *.Mask))
  )

  (module Digikey:0805 (layer F.Cu) (tedit 6063DABD) (tstamp 62AE5D25)
    (at 56.9 37.1 90)
    (fp_text reference REF** (at 0 -1.84 90) (layer Dwgs.User) hide
      (effects (font (size 1 1) (thickness 0.15)))
    )
    (fp_text value 0805 (at 0 1.95 90) (layer F.Fab)
      (effects (font (size 1 1) (thickness 0.15)))
    )
    (fp_line (start -1.9 0.93) (end 1.9 0.93) (layer F.CrtYd) (width 0.05))
    (fp_line (start -1.9 -0.93) (end 1.9 -0.93) (layer F.CrtYd) (width 0.05))
    (fp_line (start 1.9 0.93) (end 1.9 -0.93) (layer F.CrtYd) (width 0.05))
    (fp_line (start -1.9 0.93) (end -1.9 -0.93) (layer F.CrtYd) (width 0.05))
    (fp_line (start -0.32 0.8) (end 0.28 0.8) (layer Dwgs.User) (width 0.12))
    (fp_line (start -0.3 -0.8) (end 0.3 -0.8) (layer Dwgs.User) (width 0.12))
    (fp_line (start -0.95 0.68) (end 0.95 0.68) (layer F.Fab) (width 0.12))
    (fp_line (start -0.95 -0.68) (end 0.95 -0.68) (layer F.Fab) (width 0.12))
    (fp_line (start 0.95 -0.675) (end 0.95 0.675) (layer F.Fab) (width 0.12))
    (fp_line (start -0.95 -0.675) (end -0.95 0.675) (layer F.Fab) (width 0.12))
    (pad 2 thru_hole rect (at 1.05 0 90) (size 1.2 1.2) (drill 0.6) (layers *.Cu *.Mask))
    (pad 1 thru_hole rect (at -1.05 0 90) (size 1.2 1.2) (drill 0.6) (layers *.Cu *.Mask))
  )

  (module Digikey:0805 (layer F.Cu) (tedit 6063DABD) (tstamp 62AE5C9E)
    (at 56.9 32.1 90)
    (fp_text reference REF** (at 0 -1.84 90) (layer Dwgs.User) hide
      (effects (font (size 1 1) (thickness 0.15)))
    )
    (fp_text value 0805 (at 0 1.95 90) (layer F.Fab)
      (effects (font (size 1 1) (thickness 0.15)))
    )
    (fp_line (start -1.9 0.93) (end 1.9 0.93) (layer F.CrtYd) (width 0.05))
    (fp_line (start -1.9 -0.93) (end 1.9 -0.93) (layer F.CrtYd) (width 0.05))
    (fp_line (start 1.9 0.93) (end 1.9 -0.93) (layer F.CrtYd) (width 0.05))
    (fp_line (start -1.9 0.93) (end -1.9 -0.93) (layer F.CrtYd) (width 0.05))
    (fp_line (start -0.32 0.8) (end 0.28 0.8) (layer Dwgs.User) (width 0.12))
    (fp_line (start -0.3 -0.8) (end 0.3 -0.8) (layer Dwgs.User) (width 0.12))
    (fp_line (start -0.95 0.68) (end 0.95 0.68) (layer F.Fab) (width 0.12))
    (fp_line (start -0.95 -0.68) (end 0.95 -0.68) (layer F.Fab) (width 0.12))
    (fp_line (start 0.95 -0.675) (end 0.95 0.675) (layer F.Fab) (width 0.12))
    (fp_line (start -0.95 -0.675) (end -0.95 0.675) (layer F.Fab) (width 0.12))
    (pad 2 thru_hole rect (at 1.05 0 90) (size 1.2 1.2) (drill 0.6) (layers *.Cu *.Mask))
    (pad 1 thru_hole rect (at -1.05 0 90) (size 1.2 1.2) (drill 0.6) (layers *.Cu *.Mask))
  )

  (module Digikey:0805 (layer F.Cu) (tedit 6063DABD) (tstamp 62AE5C17)
    (at 56.9 42.1 90)
    (fp_text reference REF** (at 0 -1.84 90) (layer Dwgs.User) hide
      (effects (font (size 1 1) (thickness 0.15)))
    )
    (fp_text value 0805 (at 0 1.95 90) (layer F.Fab)
      (effects (font (size 1 1) (thickness 0.15)))
    )
    (fp_line (start -1.9 0.93) (end 1.9 0.93) (layer F.CrtYd) (width 0.05))
    (fp_line (start -1.9 -0.93) (end 1.9 -0.93) (layer F.CrtYd) (width 0.05))
    (fp_line (start 1.9 0.93) (end 1.9 -0.93) (layer F.CrtYd) (width 0.05))
    (fp_line (start -1.9 0.93) (end -1.9 -0.93) (layer F.CrtYd) (width 0.05))
    (fp_line (start -0.32 0.8) (end 0.28 0.8) (layer Dwgs.User) (width 0.12))
    (fp_line (start -0.3 -0.8) (end 0.3 -0.8) (layer Dwgs.User) (width 0.12))
    (fp_line (start -0.95 0.68) (end 0.95 0.68) (layer F.Fab) (width 0.12))
    (fp_line (start -0.95 -0.68) (end 0.95 -0.68) (layer F.Fab) (width 0.12))
    (fp_line (start 0.95 -0.675) (end 0.95 0.675) (layer F.Fab) (width 0.12))
    (fp_line (start -0.95 -0.675) (end -0.95 0.675) (layer F.Fab) (width 0.12))
    (pad 2 thru_hole rect (at 1.05 0 90) (size 1.2 1.2) (drill 0.6) (layers *.Cu *.Mask))
    (pad 1 thru_hole rect (at -1.05 0 90) (size 1.2 1.2) (drill 0.6) (layers *.Cu *.Mask))
  )

  (module Digikey:0805 (layer F.Cu) (tedit 6063DABD) (tstamp 62AE5B90)
    (at 56.9 47.1 90)
    (fp_text reference REF** (at 0 -1.84 90) (layer Dwgs.User) hide
      (effects (font (size 1 1) (thickness 0.15)))
    )
    (fp_text value 0805 (at 0 1.95 90) (layer F.Fab)
      (effects (font (size 1 1) (thickness 0.15)))
    )
    (fp_line (start -0.95 -0.675) (end -0.95 0.675) (layer F.Fab) (width 0.12))
    (fp_line (start 0.95 -0.675) (end 0.95 0.675) (layer F.Fab) (width 0.12))
    (fp_line (start -0.95 -0.68) (end 0.95 -0.68) (layer F.Fab) (width 0.12))
    (fp_line (start -0.95 0.68) (end 0.95 0.68) (layer F.Fab) (width 0.12))
    (fp_line (start -0.3 -0.8) (end 0.3 -0.8) (layer Dwgs.User) (width 0.12))
    (fp_line (start -0.32 0.8) (end 0.28 0.8) (layer Dwgs.User) (width 0.12))
    (fp_line (start -1.9 0.93) (end -1.9 -0.93) (layer F.CrtYd) (width 0.05))
    (fp_line (start 1.9 0.93) (end 1.9 -0.93) (layer F.CrtYd) (width 0.05))
    (fp_line (start -1.9 -0.93) (end 1.9 -0.93) (layer F.CrtYd) (width 0.05))
    (fp_line (start -1.9 0.93) (end 1.9 0.93) (layer F.CrtYd) (width 0.05))
    (pad 1 thru_hole rect (at -1.05 0 90) (size 1.2 1.2) (drill 0.6) (layers *.Cu *.Mask))
    (pad 2 thru_hole rect (at 1.05 0 90) (size 1.2 1.2) (drill 0.6) (layers *.Cu *.Mask))
  )

  (module Panelization:mouse-bite-3mm-slot-setback (layer F.Cu) (tedit 62ABF334) (tstamp 62AE5714)
    (at 63.6 135 90)
    (fp_text reference mouse-bite-3mm-slot (at 0 -2.032 90) (layer F.SilkS) hide
      (effects (font (size 1 1) (thickness 0.2)))
    )
    (fp_text value VAL** (at 0 2.032 90) (layer F.SilkS) hide
      (effects (font (size 1 1) (thickness 0.2)))
    )
    (fp_line (start 2.512 0) (end 2.512 0) (layer Eco1.User) (width 2))
    (fp_line (start -2.512 0) (end -2.512 0) (layer Eco1.User) (width 2))
    (fp_circle (center -2.5 0) (end -2.5 -0.06) (layer Dwgs.User) (width 0.05))
    (fp_circle (center 2.5 0) (end 2.56 0) (layer Dwgs.User) (width 0.05))
    (fp_arc (start 2.512 0) (end 2.512 1) (angle 180) (layer Eco2.User) (width 0.1))
    (fp_arc (start -2.512 0) (end -2.512 -1) (angle 180) (layer Eco2.User) (width 0.1))
    (pad "" np_thru_hole circle (at 1.524 1 90) (size 0.5 0.5) (drill 0.5) (layers *.Cu *.Mask))
    (pad "" np_thru_hole circle (at 1.524 -1 90) (size 0.5 0.5) (drill 0.5) (layers *.Cu *.Mask))
    (pad "" np_thru_hole circle (at 0.762 -1 90) (size 0.5 0.5) (drill 0.5) (layers *.Cu *.Mask))
    (pad "" np_thru_hole circle (at 0.762 1 90) (size 0.5 0.5) (drill 0.5) (layers *.Cu *.Mask))
    (pad "" np_thru_hole circle (at -0.012 1 90) (size 0.5 0.5) (drill 0.5) (layers *.Cu *.Mask))
    (pad "" np_thru_hole circle (at -1.512 1 90) (size 0.5 0.5) (drill 0.5) (layers *.Cu *.Mask))
    (pad "" np_thru_hole circle (at -1.512 -1 90) (size 0.5 0.5) (drill 0.5) (layers *.Cu *.Mask))
    (pad "" np_thru_hole circle (at -0.012 -1 90) (size 0.5 0.5) (drill 0.5) (layers *.Cu *.Mask))
    (pad "" np_thru_hole circle (at -0.762 1 90) (size 0.5 0.5) (drill 0.5) (layers *.Cu *.Mask))
    (pad "" np_thru_hole circle (at -0.762 -1 90) (size 0.5 0.5) (drill 0.5) (layers *.Cu *.Mask))
  )

  (module Panelization:mouse-bite-3mm-slot-setback (layer F.Cu) (tedit 62ABF334) (tstamp 62AE5669)
    (at 45.6 40 90)
    (fp_text reference mouse-bite-3mm-slot (at 0 -2.032 90) (layer F.SilkS) hide
      (effects (font (size 1 1) (thickness 0.2)))
    )
